"GEO_ID","NAME","DP05_0001E","DP05_0001M","DP05_0002E","DP05_0002M","DP05_0003E","DP05_0003M","DP05_0004E","DP05_0004M","DP05_0005E","DP05_0005M","DP05_0006E","DP05_0006M","DP05_0007E","DP05_0007M","DP05_0008E","DP05_0008M","DP05_0009E","DP05_0009M","DP05_0010E","DP05_0010M","DP05_0011E","DP05_0011M","DP05_0012E","DP05_0012M","DP05_0013E","DP05_0013M","DP05_0014E","DP05_0014M","DP05_0015E","DP05_0015M","DP05_0016E","DP05_0016M","DP05_0017E","DP05_0017M","DP05_0018E","DP05_0018M","DP05_0019E","DP05_0019M","DP05_0020E","DP05_0020M","DP05_0021E","DP05_0021M","DP05_0022E","DP05_0022M","DP05_0023E","DP05_0023M","DP05_0024E","DP05_0024M","DP05_0025E","DP05_0025M","DP05_0026E","DP05_0026M","DP05_0027E","DP05_0027M","DP05_0028E","DP05_0028M","DP05_0029E","DP05_0029M","DP05_0030E","DP05_0030M","DP05_0031E","DP05_0031M","DP05_0032E","DP05_0032M","DP05_0033E","DP05_0033M","DP05_0034E","DP05_0034M","DP05_0035E","DP05_0035M","DP05_0036E","DP05_0036M","DP05_0037E","DP05_0037M","DP05_0038E","DP05_0038M","DP05_0039E","DP05_0039M","DP05_0040E","DP05_0040M","DP05_0041E","DP05_0041M","DP05_0042E","DP05_0042M","DP05_0043E","DP05_0043M","DP05_0044E","DP05_0044M","DP05_0045E","DP05_0045M","DP05_0046E","DP05_0046M","DP05_0047E","DP05_0047M","DP05_0048E","DP05_0048M","DP05_0049E","DP05_0049M","DP05_0050E","DP05_0050M","DP05_0051E","DP05_0051M","DP05_0052E","DP05_0052M","DP05_0053E","DP05_0053M","DP05_0054E","DP05_0054M","DP05_0055E","DP05_0055M","DP05_0056E","DP05_0056M","DP05_0057E","DP05_0057M","DP05_0058E","DP05_0058M","DP05_0059E","DP05_0059M","DP05_0060E","DP05_0060M","DP05_0061E","DP05_0061M","DP05_0062E","DP05_0062M","DP05_0063E","DP05_0063M","DP05_0064E","DP05_0064M","DP05_0065E","DP05_0065M","DP05_0066E","DP05_0066M","DP05_0067E","DP05_0067M","DP05_0068E","DP05_0068M","DP05_0069E","DP05_0069M","DP05_0070E","DP05_0070M","DP05_0071E","DP05_0071M","DP05_0072E","DP05_0072M","DP05_0073E","DP05_0073M","DP05_0074E","DP05_0074M","DP05_0075E","DP05_0075M","DP05_0076E","DP05_0076M","DP05_0077E","DP05_0077M","DP05_0078E","DP05_0078M","DP05_0079E","DP05_0079M","DP05_0080E","DP05_0080M","DP05_0081E","DP05_0081M","DP05_0082E","DP05_0082M","DP05_0083E","DP05_0083M","DP05_0084E","DP05_0084M","DP05_0085E","DP05_0085M","DP05_0086E","DP05_0086M","DP05_0087E","DP05_0087M","DP05_0088E","DP05_0088M","DP05_0089E","DP05_0089M","DP05_0090E","DP05_0090M","DP05_0091E","DP05_0091M","DP05_0001PE","DP05_0001PM","DP05_0002PE","DP05_0002PM","DP05_0003PE","DP05_0003PM","DP05_0004PE","DP05_0004PM","DP05_0005PE","DP05_0005PM","DP05_0006PE","DP05_0006PM","DP05_0007PE","DP05_0007PM","DP05_0008PE","DP05_0008PM","DP05_0009PE","DP05_0009PM","DP05_0010PE","DP05_0010PM","DP05_0011PE","DP05_0011PM","DP05_0012PE","DP05_0012PM","DP05_0013PE","DP05_0013PM","DP05_0014PE","DP05_0014PM","DP05_0015PE","DP05_0015PM","DP05_0016PE","DP05_0016PM","DP05_0017PE","DP05_0017PM","DP05_0018PE","DP05_0018PM","DP05_0019PE","DP05_0019PM","DP05_0020PE","DP05_0020PM","DP05_0021PE","DP05_0021PM","DP05_0022PE","DP05_0022PM","DP05_0023PE","DP05_0023PM","DP05_0024PE","DP05_0024PM","DP05_0025PE","DP05_0025PM","DP05_0026PE","DP05_0026PM","DP05_0027PE","DP05_0027PM","DP05_0028PE","DP05_0028PM","DP05_0029PE","DP05_0029PM","DP05_0030PE","DP05_0030PM","DP05_0031PE","DP05_0031PM","DP05_0032PE","DP05_0032PM","DP05_0033PE","DP05_0033PM","DP05_0034PE","DP05_0034PM","DP05_0035PE","DP05_0035PM","DP05_0036PE","DP05_0036PM","DP05_0037PE","DP05_0037PM","DP05_0038PE","DP05_0038PM","DP05_0039PE","DP05_0039PM","DP05_0040PE","DP05_0040PM","DP05_0041PE","DP05_0041PM","DP05_0042PE","DP05_0042PM","DP05_0043PE","DP05_0043PM","DP05_0044PE","DP05_0044PM","DP05_0045PE","DP05_0045PM","DP05_0046PE","DP05_0046PM","DP05_0047PE","DP05_0047PM","DP05_0048PE","DP05_0048PM","DP05_0049PE","DP05_0049PM","DP05_0050PE","DP05_0050PM","DP05_0051PE","DP05_0051PM","DP05_0052PE","DP05_0052PM","DP05_0053PE","DP05_0053PM","DP05_0054PE","DP05_0054PM","DP05_0055PE","DP05_0055PM","DP05_0056PE","DP05_0056PM","DP05_0057PE","DP05_0057PM","DP05_0058PE","DP05_0058PM","DP05_0059PE","DP05_0059PM","DP05_0060PE","DP05_0060PM","DP05_0061PE","DP05_0061PM","DP05_0062PE","DP05_0062PM","DP05_0063PE","DP05_0063PM","DP05_0064PE","DP05_0064PM","DP05_0065PE","DP05_0065PM","DP05_0066PE","DP05_0066PM","DP05_0067PE","DP05_0067PM","DP05_0068PE","DP05_0068PM","DP05_0069PE","DP05_0069PM","DP05_0070PE","DP05_0070PM","DP05_0071PE","DP05_0071PM","DP05_0072PE","DP05_0072PM","DP05_0073PE","DP05_0073PM","DP05_0074PE","DP05_0074PM","DP05_0075PE","DP05_0075PM","DP05_0076PE","DP05_0076PM","DP05_0077PE","DP05_0077PM","DP05_0078PE","DP05_0078PM","DP05_0079PE","DP05_0079PM","DP05_0080PE","DP05_0080PM","DP05_0081PE","DP05_0081PM","DP05_0082PE","DP05_0082PM","DP05_0083PE","DP05_0083PM","DP05_0084PE","DP05_0084PM","DP05_0085PE","DP05_0085PM","DP05_0086PE","DP05_0086PM","DP05_0087PE","DP05_0087PM","DP05_0088PE","DP05_0088PM","DP05_0089PE","DP05_0089PM","DP05_0090PE","DP05_0090PM","DP05_0091PE","DP05_0091PM",
"Geography","Geographic Area Name","Estimate!!SEX AND AGE!!Total population","Margin of Error!!SEX AND AGE!!Total population","Estimate!!SEX AND AGE!!Total population!!Male","Margin of Error!!SEX AND AGE!!Total population!!Male","Estimate!!SEX AND AGE!!Total population!!Female","Margin of Error!!SEX AND AGE!!Total population!!Female","Estimate!!SEX AND AGE!!Total population!!Sex ratio (males per 100 females)","Margin of Error!!SEX AND AGE!!Total population!!Sex ratio (males per 100 females)","Estimate!!SEX AND AGE!!Total population!!Under 5 years","Margin of Error!!SEX AND AGE!!Total population!!Under 5 years","Estimate!!SEX AND AGE!!Total population!!5 to 9 years","Margin of Error!!SEX AND AGE!!Total population!!5 to 9 years","Estimate!!SEX AND AGE!!Total population!!10 to 14 years","Margin of Error!!SEX AND AGE!!Total population!!10 to 14 years","Estimate!!SEX AND AGE!!Total population!!15 to 19 years","Margin of Error!!SEX AND AGE!!Total population!!15 to 19 years","Estimate!!SEX AND AGE!!Total population!!20 to 24 years","Margin of Error!!SEX AND AGE!!Total population!!20 to 24 years","Estimate!!SEX AND AGE!!Total population!!25 to 34 years","Margin of Error!!SEX AND AGE!!Total population!!25 to 34 years","Estimate!!SEX AND AGE!!Total population!!35 to 44 years","Margin of Error!!SEX AND AGE!!Total population!!35 to 44 years","Estimate!!SEX AND AGE!!Total population!!45 to 54 years","Margin of Error!!SEX AND AGE!!Total population!!45 to 54 years","Estimate!!SEX AND AGE!!Total population!!55 to 59 years","Margin of Error!!SEX AND AGE!!Total population!!55 to 59 years","Estimate!!SEX AND AGE!!Total population!!60 to 64 years","Margin of Error!!SEX AND AGE!!Total population!!60 to 64 years","Estimate!!SEX AND AGE!!Total population!!65 to 74 years","Margin of Error!!SEX AND AGE!!Total population!!65 to 74 years","Estimate!!SEX AND AGE!!Total population!!75 to 84 years","Margin of Error!!SEX AND AGE!!Total population!!75 to 84 years","Estimate!!SEX AND AGE!!Total population!!85 years and over","Margin of Error!!SEX AND AGE!!Total population!!85 years and over","Estimate!!SEX AND AGE!!Total population!!Median age (years)","Margin of Error!!SEX AND AGE!!Total population!!Median age (years)","Estimate!!SEX AND AGE!!Total population!!Under 18 years","Margin of Error!!SEX AND AGE!!Total population!!Under 18 years","Estimate!!SEX AND AGE!!Total population!!16 years and over","Margin of Error!!SEX AND AGE!!Total population!!16 years and over","Estimate!!SEX AND AGE!!Total population!!18 years and over","Margin of Error!!SEX AND AGE!!Total population!!18 years and over","Estimate!!SEX AND AGE!!Total population!!21 years and over","Margin of Error!!SEX AND AGE!!Total population!!21 years and over","Estimate!!SEX AND AGE!!Total population!!62 years and over","Margin of Error!!SEX AND AGE!!Total population!!62 years and over","Estimate!!SEX AND AGE!!Total population!!65 years and over","Margin of Error!!SEX AND AGE!!Total population!!65 years and over","Estimate!!SEX AND AGE!!Total population!!18 years and over","Margin of Error!!SEX AND AGE!!Total population!!18 years and over","Estimate!!SEX AND AGE!!Total population!!18 years and over!!Male","Margin of Error!!SEX AND AGE!!Total population!!18 years and over!!Male","Estimate!!SEX AND AGE!!Total population!!18 years and over!!Female","Margin of Error!!SEX AND AGE!!Total population!!18 years and over!!Female","Estimate!!SEX AND AGE!!Total population!!18 years and over!!Sex ratio (males per 100 females)","Margin of Error!!SEX AND AGE!!Total population!!18 years and over!!Sex ratio (males per 100 females)","Estimate!!SEX AND AGE!!Total population!!65 years and over","Margin of Error!!SEX AND AGE!!Total population!!65 years and over","Estimate!!SEX AND AGE!!Total population!!65 years and over!!Male","Margin of Error!!SEX AND AGE!!Total population!!65 years and over!!Male","Estimate!!SEX AND AGE!!Total population!!65 years and over!!Female","Margin of Error!!SEX AND AGE!!Total population!!65 years and over!!Female","Estimate!!SEX AND AGE!!Total population!!65 years and over!!Sex ratio (males per 100 females)","Margin of Error!!SEX AND AGE!!Total population!!65 years and over!!Sex ratio (males per 100 females)","Estimate!!RACE!!Total population","Margin of Error!!RACE!!Total population","Estimate!!RACE!!Total population!!One race","Margin of Error!!RACE!!Total population!!One race","Estimate!!RACE!!Total population!!Two or More Races","Margin of Error!!RACE!!Total population!!Two or More Races","Estimate!!RACE!!Total population!!One race","Margin of Error!!RACE!!Total population!!One race","Estimate!!RACE!!Total population!!One race!!White","Margin of Error!!RACE!!Total population!!One race!!White","Estimate!!RACE!!Total population!!One race!!Black or African American","Margin of Error!!RACE!!Total population!!One race!!Black or African American","Estimate!!RACE!!Total population!!One race!!American Indian and Alaska Native","Margin of Error!!RACE!!Total population!!One race!!American Indian and Alaska Native","Estimate!!RACE!!Total population!!One race!!American Indian and Alaska Native!!Cherokee tribal grouping","Margin of Error!!RACE!!Total population!!One race!!American Indian and Alaska Native!!Cherokee tribal grouping","Estimate!!RACE!!Total population!!One race!!American Indian and Alaska Native!!Chippewa tribal grouping","Margin of Error!!RACE!!Total population!!One race!!American Indian and Alaska Native!!Chippewa tribal grouping","Estimate!!RACE!!Total population!!One race!!American Indian and Alaska Native!!Navajo tribal grouping","Margin of Error!!RACE!!Total population!!One race!!American Indian and Alaska Native!!Navajo tribal grouping","Estimate!!RACE!!Total population!!One race!!American Indian and Alaska Native!!Sioux tribal grouping","Margin of Error!!RACE!!Total population!!One race!!American Indian and Alaska Native!!Sioux tribal grouping","Estimate!!RACE!!Total population!!One race!!Asian","Margin of Error!!RACE!!Total population!!One race!!Asian","Estimate!!RACE!!Total population!!One race!!Asian!!Asian Indian","Margin of Error!!RACE!!Total population!!One race!!Asian!!Asian Indian","Estimate!!RACE!!Total population!!One race!!Asian!!Chinese","Margin of Error!!RACE!!Total population!!One race!!Asian!!Chinese","Estimate!!RACE!!Total population!!One race!!Asian!!Filipino","Margin of Error!!RACE!!Total population!!One race!!Asian!!Filipino","Estimate!!RACE!!Total population!!One race!!Asian!!Japanese","Margin of Error!!RACE!!Total population!!One race!!Asian!!Japanese","Estimate!!RACE!!Total population!!One race!!Asian!!Korean","Margin of Error!!RACE!!Total population!!One race!!Asian!!Korean","Estimate!!RACE!!Total population!!One race!!Asian!!Vietnamese","Margin of Error!!RACE!!Total population!!One race!!Asian!!Vietnamese","Estimate!!RACE!!Total population!!One race!!Asian!!Other Asian","Margin of Error!!RACE!!Total population!!One race!!Asian!!Other Asian","Estimate!!RACE!!Total population!!One race!!Native Hawaiian and Other Pacific Islander","Margin of Error!!RACE!!Total population!!One race!!Native Hawaiian and Other Pacific Islander","Estimate!!RACE!!Total population!!One race!!Native Hawaiian and Other Pacific Islander!!Chamorro","Margin of Error!!RACE!!Total population!!One race!!Native Hawaiian and Other Pacific Islander!!Chamorro","Estimate!!RACE!!Total population!!One race!!Native Hawaiian and Other Pacific Islander!!Native Hawaiian","Margin of Error!!RACE!!Total population!!One race!!Native Hawaiian and Other Pacific Islander!!Native Hawaiian","Estimate!!RACE!!Total population!!One race!!Native Hawaiian and Other Pacific Islander!!Samoan","Margin of Error!!RACE!!Total population!!One race!!Native Hawaiian and Other Pacific Islander!!Samoan","Estimate!!RACE!!Total population!!One race!!Native Hawaiian and Other Pacific Islander!!Other Native Hawaiian and Other Pacific Islander","Margin of Error!!RACE!!Total population!!One race!!Native Hawaiian and Other Pacific Islander!!Other Native Hawaiian and Other Pacific Islander","Estimate!!RACE!!Total population!!One race!!Some Other Race","Margin of Error!!RACE!!Total population!!One race!!Some Other Race","Estimate!!RACE!!Total population!!Two or More Races","Margin of Error!!RACE!!Total population!!Two or More Races","Estimate!!RACE!!Total population!!Two or More Races!!White and Black or African American","Margin of Error!!RACE!!Total population!!Two or More Races!!White and Black or African American","Estimate!!RACE!!Total population!!Two or More Races!!White and American Indian and Alaska Native","Margin of Error!!RACE!!Total population!!Two or More Races!!White and American Indian and Alaska Native","Estimate!!RACE!!Total population!!Two or More Races!!White and Asian","Margin of Error!!RACE!!Total population!!Two or More Races!!White and Asian","Estimate!!RACE!!Total population!!Two or More Races!!White and Some Other Race","Margin of Error!!RACE!!Total population!!Two or More Races!!White and Some Other Race","Estimate!!RACE!!Total population!!Two or More Races!!Black or African American and American Indian and Alaska Native","Margin of Error!!RACE!!Total population!!Two or More Races!!Black or African American and American Indian and Alaska Native","Estimate!!RACE!!Total population!!Two or More Races!!Black or African American and Some Other Race","Margin of Error!!RACE!!Total population!!Two or More Races!!Black or African American and Some Other Race","Estimate!!Race alone or in combination with one or more other races!!Total population","Margin of Error!!Race alone or in combination with one or more other races!!Total population","Estimate!!Race alone or in combination with one or more other races!!Total population!!White","Margin of Error!!Race alone or in combination with one or more other races!!Total population!!White","Estimate!!Race alone or in combination with one or more other races!!Total population!!Black or African American","Margin of Error!!Race alone or in combination with one or more other races!!Total population!!Black or African American","Estimate!!Race alone or in combination with one or more other races!!Total population!!American Indian and Alaska Native","Margin of Error!!Race alone or in combination with one or more other races!!Total population!!American Indian and Alaska Native","Estimate!!Race alone or in combination with one or more other races!!Total population!!Asian","Margin of Error!!Race alone or in combination with one or more other races!!Total population!!Asian","Estimate!!Race alone or in combination with one or more other races!!Total population!!Native Hawaiian and Other Pacific Islander","Margin of Error!!Race alone or in combination with one or more other races!!Total population!!Native Hawaiian and Other Pacific Islander","Estimate!!Race alone or in combination with one or more other races!!Total population!!Some Other Race","Margin of Error!!Race alone or in combination with one or more other races!!Total population!!Some Other Race","Estimate!!HISPANIC OR LATINO AND RACE!!Total population","Margin of Error!!HISPANIC OR LATINO AND RACE!!Total population","Estimate!!HISPANIC OR LATINO AND RACE!!Total population!!Hispanic or Latino (of any race)","Margin of Error!!HISPANIC OR LATINO AND RACE!!Total population!!Hispanic or Latino (of any race)","Estimate!!HISPANIC OR LATINO AND RACE!!Total population!!Hispanic or Latino (of any race)!!Mexican","Margin of Error!!HISPANIC OR LATINO AND RACE!!Total population!!Hispanic or Latino (of any race)!!Mexican","Estimate!!HISPANIC OR LATINO AND RACE!!Total population!!Hispanic or Latino (of any race)!!Puerto Rican","Margin of Error!!HISPANIC OR LATINO AND RACE!!Total population!!Hispanic or Latino (of any race)!!Puerto Rican","Estimate!!HISPANIC OR LATINO AND RACE!!Total population!!Hispanic or Latino (of any race)!!Cuban","Margin of Error!!HISPANIC OR LATINO AND RACE!!Total population!!Hispanic or Latino (of any race)!!Cuban","Estimate!!HISPANIC OR LATINO AND RACE!!Total population!!Hispanic or Latino (of any race)!!Other Hispanic or Latino","Margin of Error!!HISPANIC OR LATINO AND RACE!!Total population!!Hispanic or Latino (of any race)!!Other Hispanic or Latino","Estimate!!HISPANIC OR LATINO AND RACE!!Total population!!Not Hispanic or Latino","Margin of Error!!HISPANIC OR LATINO AND RACE!!Total population!!Not Hispanic or Latino","Estimate!!HISPANIC OR LATINO AND RACE!!Total population!!Not Hispanic or Latino!!White alone","Margin of Error!!HISPANIC OR LATINO AND RACE!!Total population!!Not Hispanic or Latino!!White alone","Estimate!!HISPANIC OR LATINO AND RACE!!Total population!!Not Hispanic or Latino!!Black or African American alone","Margin of Error!!HISPANIC OR LATINO AND RACE!!Total population!!Not Hispanic or Latino!!Black or African American alone","Estimate!!HISPANIC OR LATINO AND RACE!!Total population!!Not Hispanic or Latino!!American Indian and Alaska Native alone","Margin of Error!!HISPANIC OR LATINO AND RACE!!Total population!!Not Hispanic or Latino!!American Indian and Alaska Native alone","Estimate!!HISPANIC OR LATINO AND RACE!!Total population!!Not Hispanic or Latino!!Asian alone","Margin of Error!!HISPANIC OR LATINO AND RACE!!Total population!!Not Hispanic or Latino!!Asian alone","Estimate!!HISPANIC OR LATINO AND RACE!!Total population!!Not Hispanic or Latino!!Native Hawaiian and Other Pacific Islander alone","Margin of Error!!HISPANIC OR LATINO AND RACE!!Total population!!Not Hispanic or Latino!!Native Hawaiian and Other Pacific Islander alone","Estimate!!HISPANIC OR LATINO AND RACE!!Total population!!Not Hispanic or Latino!!Some Other Race alone","Margin of Error!!HISPANIC OR LATINO AND RACE!!Total population!!Not Hispanic or Latino!!Some Other Race alone","Estimate!!HISPANIC OR LATINO AND RACE!!Total population!!Not Hispanic or Latino!!Two or More Races","Margin of Error!!HISPANIC OR LATINO AND RACE!!Total population!!Not Hispanic or Latino!!Two or More Races","Estimate!!HISPANIC OR LATINO AND RACE!!Total population!!Not Hispanic or Latino!!Two or More Races!!Two races including Some Other Race","Margin of Error!!HISPANIC OR LATINO AND RACE!!Total population!!Not Hispanic or Latino!!Two or More Races!!Two races including Some Other Race","Estimate!!HISPANIC OR LATINO AND RACE!!Total population!!Not Hispanic or Latino!!Two or More Races!!Two races excluding Some Other Race, and three or more races","Margin of Error!!HISPANIC OR LATINO AND RACE!!Total population!!Not Hispanic or Latino!!Two or More Races!!Two races excluding Some Other Race, and three or more races","Estimate!!Total housing units","Margin of Error!!Total housing units","Estimate!!CITIZEN, VOTING AGE POPULATION!!Citizen, 18 and over population","Margin of Error!!CITIZEN, VOTING AGE POPULATION!!Citizen, 18 and over population","Estimate!!CITIZEN, VOTING AGE POPULATION!!Citizen, 18 and over population!!Male","Margin of Error!!CITIZEN, VOTING AGE POPULATION!!Citizen, 18 and over population!!Male","Estimate!!CITIZEN, VOTING AGE POPULATION!!Citizen, 18 and over population!!Female","Margin of Error!!CITIZEN, VOTING AGE POPULATION!!Citizen, 18 and over population!!Female","Percent!!SEX AND AGE!!Total population","Percent Margin of Error!!SEX AND AGE!!Total population","Percent!!SEX AND AGE!!Total population!!Male","Percent Margin of Error!!SEX AND AGE!!Total population!!Male","Percent!!SEX AND AGE!!Total population!!Female","Percent Margin of Error!!SEX AND AGE!!Total population!!Female","Percent!!SEX AND AGE!!Total population!!Sex ratio (males per 100 females)","Percent Margin of Error!!SEX AND AGE!!Total population!!Sex ratio (males per 100 females)","Percent!!SEX AND AGE!!Total population!!Under 5 years","Percent Margin of Error!!SEX AND AGE!!Total population!!Under 5 years","Percent!!SEX AND AGE!!Total population!!5 to 9 years","Percent Margin of Error!!SEX AND AGE!!Total population!!5 to 9 years","Percent!!SEX AND AGE!!Total population!!10 to 14 years","Percent Margin of Error!!SEX AND AGE!!Total population!!10 to 14 years","Percent!!SEX AND AGE!!Total population!!15 to 19 years","Percent Margin of Error!!SEX AND AGE!!Total population!!15 to 19 years","Percent!!SEX AND AGE!!Total population!!20 to 24 years","Percent Margin of Error!!SEX AND AGE!!Total population!!20 to 24 years","Percent!!SEX AND AGE!!Total population!!25 to 34 years","Percent Margin of Error!!SEX AND AGE!!Total population!!25 to 34 years","Percent!!SEX AND AGE!!Total population!!35 to 44 years","Percent Margin of Error!!SEX AND AGE!!Total population!!35 to 44 years","Percent!!SEX AND AGE!!Total population!!45 to 54 years","Percent Margin of Error!!SEX AND AGE!!Total population!!45 to 54 years","Percent!!SEX AND AGE!!Total population!!55 to 59 years","Percent Margin of Error!!SEX AND AGE!!Total population!!55 to 59 years","Percent!!SEX AND AGE!!Total population!!60 to 64 years","Percent Margin of Error!!SEX AND AGE!!Total population!!60 to 64 years","Percent!!SEX AND AGE!!Total population!!65 to 74 years","Percent Margin of Error!!SEX AND AGE!!Total population!!65 to 74 years","Percent!!SEX AND AGE!!Total population!!75 to 84 years","Percent Margin of Error!!SEX AND AGE!!Total population!!75 to 84 years","Percent!!SEX AND AGE!!Total population!!85 years and over","Percent Margin of Error!!SEX AND AGE!!Total population!!85 years and over","Percent!!SEX AND AGE!!Total population!!Median age (years)","Percent Margin of Error!!SEX AND AGE!!Total population!!Median age (years)","Percent!!SEX AND AGE!!Total population!!Under 18 years","Percent Margin of Error!!SEX AND AGE!!Total population!!Under 18 years","Percent!!SEX AND AGE!!Total population!!16 years and over","Percent Margin of Error!!SEX AND AGE!!Total population!!16 years and over","Percent!!SEX AND AGE!!Total population!!18 years and over","Percent Margin of Error!!SEX AND AGE!!Total population!!18 years and over","Percent!!SEX AND AGE!!Total population!!21 years and over","Percent Margin of Error!!SEX AND AGE!!Total population!!21 years and over","Percent!!SEX AND AGE!!Total population!!62 years and over","Percent Margin of Error!!SEX AND AGE!!Total population!!62 years and over","Percent!!SEX AND AGE!!Total population!!65 years and over","Percent Margin of Error!!SEX AND AGE!!Total population!!65 years and over","Percent!!SEX AND AGE!!Total population!!18 years and over","Percent Margin of Error!!SEX AND AGE!!Total population!!18 years and over","Percent!!SEX AND AGE!!Total population!!18 years and over!!Male","Percent Margin of Error!!SEX AND AGE!!Total population!!18 years and over!!Male","Percent!!SEX AND AGE!!Total population!!18 years and over!!Female","Percent Margin of Error!!SEX AND AGE!!Total population!!18 years and over!!Female","Percent!!SEX AND AGE!!Total population!!18 years and over!!Sex ratio (males per 100 females)","Percent Margin of Error!!SEX AND AGE!!Total population!!18 years and over!!Sex ratio (males per 100 females)","Percent!!SEX AND AGE!!Total population!!65 years and over","Percent Margin of Error!!SEX AND AGE!!Total population!!65 years and over","Percent!!SEX AND AGE!!Total population!!65 years and over!!Male","Percent Margin of Error!!SEX AND AGE!!Total population!!65 years and over!!Male","Percent!!SEX AND AGE!!Total population!!65 years and over!!Female","Percent Margin of Error!!SEX AND AGE!!Total population!!65 years and over!!Female","Percent!!SEX AND AGE!!Total population!!65 years and over!!Sex ratio (males per 100 females)","Percent Margin of Error!!SEX AND AGE!!Total population!!65 years and over!!Sex ratio (males per 100 females)","Percent!!RACE!!Total population","Percent Margin of Error!!RACE!!Total population","Percent!!RACE!!Total population!!One race","Percent Margin of Error!!RACE!!Total population!!One race","Percent!!RACE!!Total population!!Two or More Races","Percent Margin of Error!!RACE!!Total population!!Two or More Races","Percent!!RACE!!Total population!!One race","Percent Margin of Error!!RACE!!Total population!!One race","Percent!!RACE!!Total population!!One race!!White","Percent Margin of Error!!RACE!!Total population!!One race!!White","Percent!!RACE!!Total population!!One race!!Black or African American","Percent Margin of Error!!RACE!!Total population!!One race!!Black or African American","Percent!!RACE!!Total population!!One race!!American Indian and Alaska Native","Percent Margin of Error!!RACE!!Total population!!One race!!American Indian and Alaska Native","Percent!!RACE!!Total population!!One race!!American Indian and Alaska Native!!Cherokee tribal grouping","Percent Margin of Error!!RACE!!Total population!!One race!!American Indian and Alaska Native!!Cherokee tribal grouping","Percent!!RACE!!Total population!!One race!!American Indian and Alaska Native!!Chippewa tribal grouping","Percent Margin of Error!!RACE!!Total population!!One race!!American Indian and Alaska Native!!Chippewa tribal grouping","Percent!!RACE!!Total population!!One race!!American Indian and Alaska Native!!Navajo tribal grouping","Percent Margin of Error!!RACE!!Total population!!One race!!American Indian and Alaska Native!!Navajo tribal grouping","Percent!!RACE!!Total population!!One race!!American Indian and Alaska Native!!Sioux tribal grouping","Percent Margin of Error!!RACE!!Total population!!One race!!American Indian and Alaska Native!!Sioux tribal grouping","Percent!!RACE!!Total population!!One race!!Asian","Percent Margin of Error!!RACE!!Total population!!One race!!Asian","Percent!!RACE!!Total population!!One race!!Asian!!Asian Indian","Percent Margin of Error!!RACE!!Total population!!One race!!Asian!!Asian Indian","Percent!!RACE!!Total population!!One race!!Asian!!Chinese","Percent Margin of Error!!RACE!!Total population!!One race!!Asian!!Chinese","Percent!!RACE!!Total population!!One race!!Asian!!Filipino","Percent Margin of Error!!RACE!!Total population!!One race!!Asian!!Filipino","Percent!!RACE!!Total population!!One race!!Asian!!Japanese","Percent Margin of Error!!RACE!!Total population!!One race!!Asian!!Japanese","Percent!!RACE!!Total population!!One race!!Asian!!Korean","Percent Margin of Error!!RACE!!Total population!!One race!!Asian!!Korean","Percent!!RACE!!Total population!!One race!!Asian!!Vietnamese","Percent Margin of Error!!RACE!!Total population!!One race!!Asian!!Vietnamese","Percent!!RACE!!Total population!!One race!!Asian!!Other Asian","Percent Margin of Error!!RACE!!Total population!!One race!!Asian!!Other Asian","Percent!!RACE!!Total population!!One race!!Native Hawaiian and Other Pacific Islander","Percent Margin of Error!!RACE!!Total population!!One race!!Native Hawaiian and Other Pacific Islander","Percent!!RACE!!Total population!!One race!!Native Hawaiian and Other Pacific Islander!!Chamorro","Percent Margin of Error!!RACE!!Total population!!One race!!Native Hawaiian and Other Pacific Islander!!Chamorro","Percent!!RACE!!Total population!!One race!!Native Hawaiian and Other Pacific Islander!!Native Hawaiian","Percent Margin of Error!!RACE!!Total population!!One race!!Native Hawaiian and Other Pacific Islander!!Native Hawaiian","Percent!!RACE!!Total population!!One race!!Native Hawaiian and Other Pacific Islander!!Samoan","Percent Margin of Error!!RACE!!Total population!!One race!!Native Hawaiian and Other Pacific Islander!!Samoan","Percent!!RACE!!Total population!!One race!!Native Hawaiian and Other Pacific Islander!!Other Native Hawaiian and Other Pacific Islander","Percent Margin of Error!!RACE!!Total population!!One race!!Native Hawaiian and Other Pacific Islander!!Other Native Hawaiian and Other Pacific Islander","Percent!!RACE!!Total population!!One race!!Some Other Race","Percent Margin of Error!!RACE!!Total population!!One race!!Some Other Race","Percent!!RACE!!Total population!!Two or More Races","Percent Margin of Error!!RACE!!Total population!!Two or More Races","Percent!!RACE!!Total population!!Two or More Races!!White and Black or African American","Percent Margin of Error!!RACE!!Total population!!Two or More Races!!White and Black or African American","Percent!!RACE!!Total population!!Two or More Races!!White and American Indian and Alaska Native","Percent Margin of Error!!RACE!!Total population!!Two or More Races!!White and American Indian and Alaska Native","Percent!!RACE!!Total population!!Two or More Races!!White and Asian","Percent Margin of Error!!RACE!!Total population!!Two or More Races!!White and Asian","Percent!!RACE!!Total population!!Two or More Races!!White and Some Other Race","Percent Margin of Error!!RACE!!Total population!!Two or More Races!!White and Some Other Race","Percent!!RACE!!Total population!!Two or More Races!!Black or African American and American Indian and Alaska Native","Percent Margin of Error!!RACE!!Total population!!Two or More Races!!Black or African American and American Indian and Alaska Native","Percent!!RACE!!Total population!!Two or More Races!!Black or African American and Some Other Race","Percent Margin of Error!!RACE!!Total population!!Two or More Races!!Black or African American and Some Other Race","Percent!!Race alone or in combination with one or more other races!!Total population","Percent Margin of Error!!Race alone or in combination with one or more other races!!Total population","Percent!!Race alone or in combination with one or more other races!!Total population!!White","Percent Margin of Error!!Race alone or in combination with one or more other races!!Total population!!White","Percent!!Race alone or in combination with one or more other races!!Total population!!Black or African American","Percent Margin of Error!!Race alone or in combination with one or more other races!!Total population!!Black or African American","Percent!!Race alone or in combination with one or more other races!!Total population!!American Indian and Alaska Native","Percent Margin of Error!!Race alone or in combination with one or more other races!!Total population!!American Indian and Alaska Native","Percent!!Race alone or in combination with one or more other races!!Total population!!Asian","Percent Margin of Error!!Race alone or in combination with one or more other races!!Total population!!Asian","Percent!!Race alone or in combination with one or more other races!!Total population!!Native Hawaiian and Other Pacific Islander","Percent Margin of Error!!Race alone or in combination with one or more other races!!Total population!!Native Hawaiian and Other Pacific Islander","Percent!!Race alone or in combination with one or more other races!!Total population!!Some Other Race","Percent Margin of Error!!Race alone or in combination with one or more other races!!Total population!!Some Other Race","Percent!!HISPANIC OR LATINO AND RACE!!Total population","Percent Margin of Error!!HISPANIC OR LATINO AND RACE!!Total population","Percent!!HISPANIC OR LATINO AND RACE!!Total population!!Hispanic or Latino (of any race)","Percent Margin of Error!!HISPANIC OR LATINO AND RACE!!Total population!!Hispanic or Latino (of any race)","Percent!!HISPANIC OR LATINO AND RACE!!Total population!!Hispanic or Latino (of any race)!!Mexican","Percent Margin of Error!!HISPANIC OR LATINO AND RACE!!Total population!!Hispanic or Latino (of any race)!!Mexican","Percent!!HISPANIC OR LATINO AND RACE!!Total population!!Hispanic or Latino (of any race)!!Puerto Rican","Percent Margin of Error!!HISPANIC OR LATINO AND RACE!!Total population!!Hispanic or Latino (of any race)!!Puerto Rican","Percent!!HISPANIC OR LATINO AND RACE!!Total population!!Hispanic or Latino (of any race)!!Cuban","Percent Margin of Error!!HISPANIC OR LATINO AND RACE!!Total population!!Hispanic or Latino (of any race)!!Cuban","Percent!!HISPANIC OR LATINO AND RACE!!Total population!!Hispanic or Latino (of any race)!!Other Hispanic or Latino","Percent Margin of Error!!HISPANIC OR LATINO AND RACE!!Total population!!Hispanic or Latino (of any race)!!Other Hispanic or Latino","Percent!!HISPANIC OR LATINO AND RACE!!Total population!!Not Hispanic or Latino","Percent Margin of Error!!HISPANIC OR LATINO AND RACE!!Total population!!Not Hispanic or Latino","Percent!!HISPANIC OR LATINO AND RACE!!Total population!!Not Hispanic or Latino!!White alone","Percent Margin of Error!!HISPANIC OR LATINO AND RACE!!Total population!!Not Hispanic or Latino!!White alone","Percent!!HISPANIC OR LATINO AND RACE!!Total population!!Not Hispanic or Latino!!Black or African American alone","Percent Margin of Error!!HISPANIC OR LATINO AND RACE!!Total population!!Not Hispanic or Latino!!Black or African American alone","Percent!!HISPANIC OR LATINO AND RACE!!Total population!!Not Hispanic or Latino!!American Indian and Alaska Native alone","Percent Margin of Error!!HISPANIC OR LATINO AND RACE!!Total population!!Not Hispanic or Latino!!American Indian and Alaska Native alone","Percent!!HISPANIC OR LATINO AND RACE!!Total population!!Not Hispanic or Latino!!Asian alone","Percent Margin of Error!!HISPANIC OR LATINO AND RACE!!Total population!!Not Hispanic or Latino!!Asian alone","Percent!!HISPANIC OR LATINO AND RACE!!Total population!!Not Hispanic or Latino!!Native Hawaiian and Other Pacific Islander alone","Percent Margin of Error!!HISPANIC OR LATINO AND RACE!!Total population!!Not Hispanic or Latino!!Native Hawaiian and Other Pacific Islander alone","Percent!!HISPANIC OR LATINO AND RACE!!Total population!!Not Hispanic or Latino!!Some Other Race alone","Percent Margin of Error!!HISPANIC OR LATINO AND RACE!!Total population!!Not Hispanic or Latino!!Some Other Race alone","Percent!!HISPANIC OR LATINO AND RACE!!Total population!!Not Hispanic or Latino!!Two or More Races","Percent Margin of Error!!HISPANIC OR LATINO AND RACE!!Total population!!Not Hispanic or Latino!!Two or More Races","Percent!!HISPANIC OR LATINO AND RACE!!Total population!!Not Hispanic or Latino!!Two or More Races!!Two races including Some Other Race","Percent Margin of Error!!HISPANIC OR LATINO AND RACE!!Total population!!Not Hispanic or Latino!!Two or More Races!!Two races including Some Other Race","Percent!!HISPANIC OR LATINO AND RACE!!Total population!!Not Hispanic or Latino!!Two or More Races!!Two races excluding Some Other Race, and three or more races","Percent Margin of Error!!HISPANIC OR LATINO AND RACE!!Total population!!Not Hispanic or Latino!!Two or More Races!!Two races excluding Some Other Race, and three or more races","Percent!!Total housing units","Percent Margin of Error!!Total housing units","Percent!!CITIZEN, VOTING AGE POPULATION!!Citizen, 18 and over population","Percent Margin of Error!!CITIZEN, VOTING AGE POPULATION!!Citizen, 18 and over population","Percent!!CITIZEN, VOTING AGE POPULATION!!Citizen, 18 and over population!!Male","Percent Margin of Error!!CITIZEN, VOTING AGE POPULATION!!Citizen, 18 and over population!!Male","Percent!!CITIZEN, VOTING AGE POPULATION!!Citizen, 18 and over population!!Female","Percent Margin of Error!!CITIZEN, VOTING AGE POPULATION!!Citizen, 18 and over population!!Female",
"0400000US01","Alabama","5074296","*****","2461248","6178","2613048","6178","94.2","0.5","284064","3192","311592","7473","318523","6736","340067","5792","345126","5567","652152","6978","632416","6828","617680","6741","318087","8050","341576","7691","546189","3401","281791","4988","85033","4043","39.6","0.2","1111028","2849","4093740","4260","3963268","2849","3740839","7068","1115768","6553","913013","2895","3963268","2849","1893900","3197","2069368","2764","91.5","0.2","913013","2895","399925","1761","513088","2138","77.9","0.4","5074296","*****","4814962","12318","259334","12318","4814962","12318","3302528","6577","1302035","9860","24400","3225","N","N","N","N","N","N","N","N","78893","4109","14424","2829","15197","2756","7766","1960","4282","1243","13459","2867","10325","2292","13440","2563","4977","2997","112","141","3028","2705","548","513","1289","1215","102129","8859","259334","12318","53260","6650","52973","3053","19119","2794","91045","6730","5089","2400","5451","1760","5074296","*****","3540785","13037","1384973","6187","96365","6352","111795","4691","15363","4151","207746","9383","5074296","*****","246477","1821","141110","8111","20634","3832","6959","2108","77774","8049","4827819","1821","3250182","4816","1296500","9551","12694","1584","76682","3763","1954","946","19927","4843","169880","9324","23323","3018","146557","9076","2339582","307","3862490","7890","1838188","5264","2024302","4729","5074296","(X)","48.5","0.1","51.5","0.1","(X)","(X)","5.6","0.1","6.1","0.1","6.3","0.1","6.7","0.1","6.8","0.1","12.9","0.1","12.5","0.1","12.2","0.1","6.3","0.2","6.7","0.2","10.8","0.1","5.6","0.1","1.7","0.1","(X)","(X)","21.9","0.1","80.7","0.1","78.1","0.1","73.7","0.1","22.0","0.1","18.0","0.1","3963268","(X)","47.8","0.1","52.2","0.1","(X)","(X)","913013","(X)","43.8","0.1","56.2","0.1","(X)","(X)","5074296","(X)","94.9","0.2","5.1","0.2","94.9","0.2","65.1","0.1","25.7","0.2","0.5","0.1","N","N","N","N","N","N","N","N","1.6","0.1","0.3","0.1","0.3","0.1","0.2","0.1","0.1","0.1","0.3","0.1","0.2","0.1","0.3","0.1","0.1","0.1","0.0","0.1","0.1","0.1","0.0","0.1","0.0","0.1","2.0","0.2","5.1","0.2","1.0","0.1","1.0","0.1","0.4","0.1","1.8","0.1","0.1","0.1","0.1","0.1","5074296","(X)","69.8","0.3","27.3","0.1","1.9","0.1","2.2","0.1","0.3","0.1","4.1","0.2","5074296","(X)","4.9","0.1","2.8","0.2","0.4","0.1","0.1","0.1","1.5","0.2","95.1","0.1","64.1","0.1","25.6","0.2","0.3","0.1","1.5","0.1","0.0","0.1","0.4","0.1","3.3","0.2","0.5","0.1","2.9","0.2","(X)","(X)","3862490","(X)","47.6","0.1","52.4","0.1",
"0400000US02","Alaska","733583","*****","385667","2351","347916","2351","110.9","1.4","46497","1674","49637","2701","51178","2543","44794","1801","52259","1701","113900","2769","104911","2321","81813","2107","43503","2650","43617","2428","68896","1490","26870","1051","5708","1088","35.9","0.3","175745","1149","575934","1907","557838","1149","530734","2500","127751","3165","101474","1321","557838","1149","296406","1666","261432","1143","113.4","1.1","101474","1321","50375","932","51099","851","98.6","2.3","733583","*****","629276","7547","104307","7547","629276","7547","437533","3054","22202","3776","95268","4155","350","261","401","374","429","470","69","109","46184","2926","259","190","2051","1126","25871","3329","2010","1041","3586","1385","1294","896","11113","3695","14724","1961","113","127","2323","1244","8261","2837","4027","2507","13365","2724","104307","7547","9289","3074","39188","3599","11398","2307","23096","3310","1202","835","1238","838","733583","*****","532234","7243","39083","2902","148357","3532","66732","1671","21114","2996","42167","3921","733583","*****","56491","*****","27343","2990","10401","2765","2304","1084","16443","2310","677092","*****","421104","2359","20664","3311","93294","3874","44905","2803","14539","1985","4034","1565","78552","7321","7898","2328","70654","6298","329160","406","537962","3066","286333","2449","251629","2046","733583","(X)","52.6","0.3","47.4","0.3","(X)","(X)","6.3","0.2","6.8","0.4","7.0","0.3","6.1","0.2","7.1","0.2","15.5","0.4","14.3","0.3","11.2","0.3","5.9","0.4","5.9","0.3","9.4","0.2","3.7","0.1","0.8","0.1","(X)","(X)","24.0","0.2","78.5","0.3","76.0","0.2","72.3","0.3","17.4","0.4","13.8","0.2","557838","(X)","53.1","0.2","46.9","0.2","(X)","(X)","101474","(X)","49.6","0.6","50.4","0.6","(X)","(X)","733583","(X)","85.8","1.0","14.2","1.0","85.8","1.0","59.6","0.4","3.0","0.5","13.0","0.6","0.0","0.1","0.1","0.1","0.1","0.1","0.0","0.1","6.3","0.4","0.0","0.1","0.3","0.2","3.5","0.5","0.3","0.1","0.5","0.2","0.2","0.1","1.5","0.5","2.0","0.3","0.0","0.1","0.3","0.2","1.1","0.4","0.5","0.3","1.8","0.4","14.2","1.0","1.3","0.4","5.3","0.5","1.6","0.3","3.1","0.5","0.2","0.1","0.2","0.1","733583","(X)","72.6","1.0","5.3","0.4","20.2","0.5","9.1","0.2","2.9","0.4","5.7","0.5","733583","(X)","7.7","*****","3.7","0.4","1.4","0.4","0.3","0.1","2.2","0.3","92.3","*****","57.4","0.3","2.8","0.5","12.7","0.5","6.1","0.4","2.0","0.3","0.5","0.2","10.7","1.0","1.1","0.3","9.6","0.9","(X)","(X)","537962","(X)","53.2","0.3","46.8","0.3",
"0400000US04","Arizona","7359197","*****","3678381","2695","3680816","2695","99.9","0.1","393413","1595","438358","9414","463552","8932","487734","3558","522484","3411","1018691","4470","926470","3486","855266","3404","414587","8217","456688","8413","781078","1766","471625","6080","129251","5942","38.8","0.1","1587603","1225","5961733","4935","5771594","1225","5479621","7390","1654674","7851","1381954","1494","5771594","1225","2867842","1735","2903752","1468","98.8","0.1","1381954","1494","635992","1116","745962","1111","85.3","0.2","7359197","*****","5929354","34373","1429843","34373","5929354","34373","4254015","22252","340760","10305","301909","11687","2899","1490","211","200","145703","7549","1333","699","266441","5799","64198","7860","42155","4650","50069","6221","10770","1869","17626","3477","38706","6478","42917","5162","15099","1958","2481","1379","4674","1294","2992","1360","4952","1854","751130","28436","1429843","34373","78434","8942","78276","6863","67196","4760","1082685","32234","6706","1953","12144","3422","7359197","*****","5632065","30372","473603","6757","438521","12183","369675","6705","36136","5340","1909234","23635","7359197","*****","2388520","*****","2038142","16671","56064","6517","24895","5277","269419","15938","4970677","*****","3814587","8387","322459","9993","241688","6199","257020","5094","13887","1934","36042","6266","284994","14335","54738","6974","230256","13404","3186554","496","5322581","14737","2640533","9815","2682048","8862","7359197","(X)","50.0","0.1","50.0","0.1","(X)","(X)","5.3","0.1","6.0","0.1","6.3","0.1","6.6","0.1","7.1","0.1","13.8","0.1","12.6","0.1","11.6","0.1","5.6","0.1","6.2","0.1","10.6","0.1","6.4","0.1","1.8","0.1","(X)","(X)","21.6","0.1","81.0","0.1","78.4","0.1","74.5","0.1","22.5","0.1","18.8","0.1","5771594","(X)","49.7","0.1","50.3","0.1","(X)","(X)","1381954","(X)","46.0","0.1","54.0","0.1","(X)","(X)","7359197","(X)","80.6","0.5","19.4","0.5","80.6","0.5","57.8","0.3","4.6","0.1","4.1","0.2","0.0","0.1","0.0","0.1","2.0","0.1","0.0","0.1","3.6","0.1","0.9","0.1","0.6","0.1","0.7","0.1","0.1","0.1","0.2","0.1","0.5","0.1","0.6","0.1","0.2","0.1","0.0","0.1","0.1","0.1","0.0","0.1","0.1","0.1","10.2","0.4","19.4","0.5","1.1","0.1","1.1","0.1","0.9","0.1","14.7","0.4","0.1","0.1","0.2","0.1","7359197","(X)","76.5","0.4","6.4","0.1","6.0","0.2","5.0","0.1","0.5","0.1","25.9","0.3","7359197","(X)","32.5","*****","27.7","0.2","0.8","0.1","0.3","0.1","3.7","0.2","67.5","*****","51.8","0.1","4.4","0.1","3.3","0.1","3.5","0.1","0.2","0.1","0.5","0.1","3.9","0.2","0.7","0.1","3.1","0.2","(X)","(X)","5322581","(X)","49.6","0.1","50.4","0.1",
"0400000US05","Arkansas","3045637","*****","1504488","4216","1541149","4216","97.6","0.5","177765","3256","196453","6896","200389","6518","203500","4411","209906","4899","385877","6439","387640","5291","363403","5202","181881","5768","199981","5525","315159","2782","169508","3539","54175","3442","38.9","0.3","695832","1803","2430600","3862","2349805","1803","2224439","5843","658015","5099","538842","2442","2349805","1803","1147324","2500","1202481","2324","95.4","0.4","538842","2442","240335","1701","298507","1644","80.5","0.7","3045637","*****","2718099","18629","327538","18629","2718099","18629","2103849","13480","437331","6959","22250","4120","5103","972","102","128","276","189","351","277","48921","2881","13300","2577","7352","2019","6992","2315","1222","898","1904","817","4063","1864","14088","2598","14229","2232","N","N","N","N","N","N","N","N","91519","9063","327538","18629","39419","5027","51972","3860","12131","1844","194996","15172","2774","1026","2763","1435","3045637","*****","2416515","11900","495612","5659","89937","6617","67838","3095","23030","4031","297532","14250","3045637","*****","255416","2056","170341","7530","9022","2916","2162","905","73891","7534","2790221","2056","2054922","11363","435637","6825","12680","1528","47592","2837","14176","2229","11530","3593","213684","14464","98385","11449","115299","7261","1395735","200","2261503","5420","1102007","4254","1159496","3663","3045637","(X)","49.4","0.1","50.6","0.1","(X)","(X)","5.8","0.1","6.5","0.2","6.6","0.2","6.7","0.1","6.9","0.2","12.7","0.2","12.7","0.2","11.9","0.2","6.0","0.2","6.6","0.2","10.3","0.1","5.6","0.1","1.8","0.1","(X)","(X)","22.8","0.1","79.8","0.1","77.2","0.1","73.0","0.2","21.6","0.2","17.7","0.1","2349805","(X)","48.8","0.1","51.2","0.1","(X)","(X)","538842","(X)","44.6","0.2","55.4","0.2","(X)","(X)","3045637","(X)","89.2","0.6","10.8","0.6","89.2","0.6","69.1","0.4","14.4","0.2","0.7","0.1","0.2","0.1","0.0","0.1","0.0","0.1","0.0","0.1","1.6","0.1","0.4","0.1","0.2","0.1","0.2","0.1","0.0","0.1","0.1","0.1","0.1","0.1","0.5","0.1","0.5","0.1","N","N","N","N","N","N","N","N","3.0","0.3","10.8","0.6","1.3","0.2","1.7","0.1","0.4","0.1","6.4","0.5","0.1","0.1","0.1","0.1","3045637","(X)","79.3","0.4","16.3","0.2","3.0","0.2","2.2","0.1","0.8","0.1","9.8","0.5","3045637","(X)","8.4","0.1","5.6","0.2","0.3","0.1","0.1","0.1","2.4","0.2","91.6","0.1","67.5","0.4","14.3","0.2","0.4","0.1","1.6","0.1","0.5","0.1","0.4","0.1","7.0","0.5","3.2","0.4","3.8","0.2","(X)","(X)","2261503","(X)","48.7","0.1","51.3","0.1",
"0400000US06","California","39029342","*****","19536425","6410","19492917","6410","100.2","0.1","2118386","3120","2285436","21847","2550172","21247","2568788","5216","2639787","6017","5744459","7832","5395388","6299","4877813","5081","2356663","21121","2333548","20142","3568539","3856","1878688","10550","711675","10594","37.9","0.1","8499006","2865","31552708","14148","30530336","2865","28971158","13161","7528702","18869","6158902","4094","30530336","2865","15181166","4309","15349170","3306","98.9","0.1","6158902","4094","2760700","2978","3398202","2447","81.2","0.1","39029342","*****","31612651","74887","7416691","74887","31612651","74887","15175598","45032","2121422","20705","504589","22673","16076","3064","2523","1017","8095","1886","3339","1067","6054038","22889","888344","29736","1656525","27925","1272212","32114","240483","12813","468842","17239","684279","24417","843353","24815","159920","7320","24116","4956","23212","4358","39563","6041","73029","6330","7597084","79525","7416691","74887","307492","14365","289441","11579","637962","19861","5171382","63615","48192","6515","105053","9010","39029342","*****","22088290","76474","2829724","19106","1252083","30697","7067135","17387","337475","11193","13401642","56367","39029342","*****","15732184","*****","12673519","46737","218582","12660","97619","6928","2742464","44192","23297158","*****","13160426","17468","2025218","18096","103030","4759","5957867","21996","135777","5673","251618","16525","1663222","32605","296327","14731","1366895","29329","14627041","997","26078922","47254","12879480","27804","13199442","28487","39029342","(X)","50.1","0.1","49.9","0.1","(X)","(X)","5.4","0.1","5.9","0.1","6.5","0.1","6.6","0.1","6.8","0.1","14.7","0.1","13.8","0.1","12.5","0.1","6.0","0.1","6.0","0.1","9.1","0.1","4.8","0.1","1.8","0.1","(X)","(X)","21.8","0.1","80.8","0.1","78.2","0.1","74.2","0.1","19.3","0.1","15.8","0.1","30530336","(X)","49.7","0.1","50.3","0.1","(X)","(X)","6158902","(X)","44.8","0.1","55.2","0.1","(X)","(X)","39029342","(X)","81.0","0.2","19.0","0.2","81.0","0.2","38.9","0.1","5.4","0.1","1.3","0.1","0.0","0.1","0.0","0.1","0.0","0.1","0.0","0.1","15.5","0.1","2.3","0.1","4.2","0.1","3.3","0.1","0.6","0.1","1.2","0.1","1.8","0.1","2.2","0.1","0.4","0.1","0.1","0.1","0.1","0.1","0.1","0.1","0.2","0.1","19.5","0.2","19.0","0.2","0.8","0.1","0.7","0.1","1.6","0.1","13.2","0.2","0.1","0.1","0.3","0.1","39029342","(X)","56.6","0.2","7.3","0.1","3.2","0.1","18.1","0.1","0.9","0.1","34.3","0.1","39029342","(X)","40.3","*****","32.5","0.1","0.6","0.1","0.3","0.1","7.0","0.1","59.7","*****","33.7","0.1","5.2","0.1","0.3","0.1","15.3","0.1","0.3","0.1","0.6","0.1","4.3","0.1","0.8","0.1","3.5","0.1","(X)","(X)","26078922","(X)","49.4","0.1","50.6","0.1",
"0400000US08","Colorado","5839926","*****","2960896","4278","2879030","4278","102.8","0.3","305063","2237","324472","7337","360878","7254","369814","4384","395695","4684","915942","4714","860355","4634","704694","4876","327914","7711","359438","7548","562352","2749","268623","4243","84686","4188","37.7","0.2","1211095","1544","4776317","4041","4628831","1544","4402108","7183","1129744","6558","915661","2554","4628831","1544","2342706","2226","2286125","2301","102.5","0.2","915661","2554","420930","1514","494731","1758","85.1","0.4","5839926","*****","4985512","21957","854414","21957","4985512","21957","4106707","18254","235519","7436","71351","10561","2295","724","352","340","7875","2248","4643","2495","190181","4841","35041","4808","35453","4933","20754","3153","11518","2157","26289","3954","21925","3636","39201","6301","6916","1251","2200","1272","2402","843","547","463","1767","1179","374838","19447","854414","21957","56586","5912","65551","4899","74265","5047","565392","21430","6178","1792","8477","2259","5839926","*****","4923231","22585","331146","6236","185051","12960","292259","5201","22767","3460","993869","20091","5839926","*****","1314962","*****","933969","17105","47365","6059","14021","3198","319607","17176","4524964","*****","3793270","7190","220756","6628","23389","2804","182658","4881","6339","1179","29798","3721","268754","11280","68712","6741","200042","8572","2590205","2107","4369352","11738","2208874","7876","2160478","7496","5839926","(X)","50.7","0.1","49.3","0.1","(X)","(X)","5.2","0.1","5.6","0.1","6.2","0.1","6.3","0.1","6.8","0.1","15.7","0.1","14.7","0.1","12.1","0.1","5.6","0.1","6.2","0.1","9.6","0.1","4.6","0.1","1.5","0.1","(X)","(X)","20.7","0.1","81.8","0.1","79.3","0.1","75.4","0.1","19.3","0.1","15.7","0.1","4628831","(X)","50.6","0.1","49.4","0.1","(X)","(X)","915661","(X)","46.0","0.1","54.0","0.1","(X)","(X)","5839926","(X)","85.4","0.4","14.6","0.4","85.4","0.4","70.3","0.3","4.0","0.1","1.2","0.2","0.0","0.1","0.0","0.1","0.1","0.1","0.1","0.1","3.3","0.1","0.6","0.1","0.6","0.1","0.4","0.1","0.2","0.1","0.5","0.1","0.4","0.1","0.7","0.1","0.1","0.1","0.0","0.1","0.0","0.1","0.0","0.1","0.0","0.1","6.4","0.3","14.6","0.4","1.0","0.1","1.1","0.1","1.3","0.1","9.7","0.4","0.1","0.1","0.1","0.1","5839926","(X)","84.3","0.4","5.7","0.1","3.2","0.2","5.0","0.1","0.4","0.1","17.0","0.3","5839926","(X)","22.5","*****","16.0","0.3","0.8","0.1","0.2","0.1","5.5","0.3","77.5","*****","65.0","0.1","3.8","0.1","0.4","0.1","3.1","0.1","0.1","0.1","0.5","0.1","4.6","0.2","1.2","0.1","3.4","0.1","(X)","(X)","4369352","(X)","50.6","0.1","49.4","0.1",
"0400000US09","Connecticut","3626205","*****","1776689","2237","1849516","2237","96.1","0.2","178453","1296","195805","5923","217577","5344","245675","3312","243507","3083","450510","3487","460313","3161","455401","2925","256256","7236","258996","7535","381828","2093","199913","4114","81971","3931","40.9","0.2","730424","1333","2986455","3522","2895781","1333","2739659","5016","818271","6076","663712","1731","2895781","1333","1402596","1620","1493185","1605","93.9","0.2","663712","1731","294958","1112","368754","1421","80.0","0.4","3626205","*****","3211842","18596","414363","18596","3211842","18596","2357855","12238","380229","8806","10269","2192","N","N","N","N","N","N","N","N","175069","3868","51997","5509","49725","4918","13940","3493","3826","1580","11895","2358","9619","2931","34067","5973","1214","827","N","N","N","N","N","N","N","N","287206","14784","414363","18596","56716","6897","16768","2824","26534","3577","235087","16139","7032","2655","25982","5438","3626205","*****","2728006","14880","501228","10334","54527","6483","214181","3209","7222","2434","579080","16072","3626205","*****","658978","*****","66256","9031","294370","13806","14427","4150","283925","14521","2967227","*****","2246913","7610","353973","7751","3428","706","172929","3712","592","531","29761","4518","159631","10908","56729","6605","102902","8167","1540292","155","2668407","10679","1285168","7263","1383239","6082","3626205","(X)","49.0","0.1","51.0","0.1","(X)","(X)","4.9","0.1","5.4","0.2","6.0","0.1","6.8","0.1","6.7","0.1","12.4","0.1","12.7","0.1","12.6","0.1","7.1","0.2","7.1","0.2","10.5","0.1","5.5","0.1","2.3","0.1","(X)","(X)","20.1","0.1","82.4","0.1","79.9","0.1","75.6","0.1","22.6","0.2","18.3","0.1","2895781","(X)","48.4","0.1","51.6","0.1","(X)","(X)","663712","(X)","44.4","0.1","55.6","0.1","(X)","(X)","3626205","(X)","88.6","0.5","11.4","0.5","88.6","0.5","65.0","0.3","10.5","0.2","0.3","0.1","N","N","N","N","N","N","N","N","4.8","0.1","1.4","0.2","1.4","0.1","0.4","0.1","0.1","0.1","0.3","0.1","0.3","0.1","0.9","0.2","0.0","0.1","N","N","N","N","N","N","N","N","7.9","0.4","11.4","0.5","1.6","0.2","0.5","0.1","0.7","0.1","6.5","0.4","0.2","0.1","0.7","0.1","3626205","(X)","75.2","0.4","13.8","0.3","1.5","0.2","5.9","0.1","0.2","0.1","16.0","0.4","3626205","(X)","18.2","*****","1.8","0.2","8.1","0.4","0.4","0.1","7.8","0.4","81.8","*****","62.0","0.2","9.8","0.2","0.1","0.1","4.8","0.1","0.0","0.1","0.8","0.1","4.4","0.3","1.6","0.2","2.8","0.2","(X)","(X)","2668407","(X)","48.2","0.2","51.8","0.2",
"0400000US10","Delaware","1018396","*****","494657","1092","523739","1092","94.4","0.4","54058","409","57518","2883","59905","2872","62893","1247","59981","1195","130563","1408","125307","1673","112870","1354","65121","3332","78000","3361","126996","878","66312","2204","18872","1938","41.5","0.3","208227","28","835365","1817","810169","28","769624","2119","260120","3310","212180","645","810169","28","388873","286","421296","286","92.3","0.1","212180","645","95534","385","116646","375","81.9","0.3","1018396","*****","920496","6031","97900","6031","920496","6031","610378","4037","224761","4691","3670","1380","N","N","N","N","N","N","N","N","41501","1735","18413","2540","8335","1958","2699","1102","539","332","2027","870","1376","897","8112","2830","86","140","N","N","N","N","N","N","N","N","40100","5080","97900","6031","15903","3240","4646","585","7117","1704","50255","5356","3855","1569","5850","2023","1018396","*****","694175","6029","257899","3147","16799","2786","53268","1813","1286","612","100670","5205","1018396","*****","105300","*****","36351","4319","28401","3754","2753","1114","37795","4225","913096","*****","599347","2246","220010","3936","1276","470","41350","1744","0","203","5097","2010","46016","4409","10984","2393","35032","3762","465804","84","769749","3766","366997","2424","402752","2391","1018396","(X)","48.6","0.1","51.4","0.1","(X)","(X)","5.3","0.1","5.6","0.3","5.9","0.3","6.2","0.1","5.9","0.1","12.8","0.1","12.3","0.2","11.1","0.1","6.4","0.3","7.7","0.3","12.5","0.1","6.5","0.2","1.9","0.2","(X)","(X)","20.4","0.1","82.0","0.2","79.6","0.1","75.6","0.2","25.5","0.3","20.8","0.1","810169","(X)","48.0","0.1","52.0","0.1","(X)","(X)","212180","(X)","45.0","0.1","55.0","0.1","(X)","(X)","1018396","(X)","90.4","0.6","9.6","0.6","90.4","0.6","59.9","0.4","22.1","0.5","0.4","0.1","N","N","N","N","N","N","N","N","4.1","0.2","1.8","0.2","0.8","0.2","0.3","0.1","0.1","0.1","0.2","0.1","0.1","0.1","0.8","0.3","0.0","0.1","N","N","N","N","N","N","N","N","3.9","0.5","9.6","0.6","1.6","0.3","0.5","0.1","0.7","0.2","4.9","0.5","0.4","0.2","0.6","0.2","1018396","(X)","68.2","0.6","25.3","0.3","1.6","0.3","5.2","0.2","0.1","0.1","9.9","0.5","1018396","(X)","10.3","*****","3.6","0.4","2.8","0.4","0.3","0.1","3.7","0.4","89.7","*****","58.9","0.2","21.6","0.4","0.1","0.1","4.1","0.2","0.0","0.1","0.5","0.2","4.5","0.4","1.1","0.2","3.4","0.4","(X)","(X)","769749","(X)","47.7","0.2","52.3","0.2",
"0400000US11","District of Columbia","671803","*****","319763","733","352040","733","90.8","0.4","39035","5","37268","3967","31558","3948","36668","1768","48043","1721","145253","528","111221","556","71561","299","30859","2580","32983","2547","50100","625","27846","1331","9408","1268","34.9","0.1","124244","5","557547","1281","547559","5","519804","1829","106696","2426","87354","375","547559","5","256721","266","290838","266","88.3","0.2","87354","375","36200","364","51154","39","70.8","0.7","671803","*****","603236","5344","68567","5344","603236","5344","257963","3475","282578","3557","3130","1171","N","N","N","N","N","N","N","N","27961","1505","7552","1467","7099","1422","2692","897","998","581","3139","861","1610","562","4871","1291","836","472","N","N","N","N","N","N","N","N","30768","4960","68567","5344","12625","3052","2091","1013","7816","1407","29812","3670","2268","1262","4214","1535","671803","*****","317185","5954","308871","2463","11191","2612","39592","1742","1914","1201","70388","4372","671803","*****","78911","*****","20142","5024","5065","1994","2357","966","51347","5051","592892","*****","246745","1491","279809","3701","1012","445","27250","1379","709","435","3823","1356","33544","4208","5072","1278","28472","3745","360862","68","502427","5452","233818","3785","268609","2902","671803","(X)","47.6","0.1","52.4","0.1","(X)","(X)","5.8","0.1","5.5","0.6","4.7","0.6","5.5","0.3","7.2","0.3","21.6","0.1","16.6","0.1","10.7","0.1","4.6","0.4","4.9","0.4","7.5","0.1","4.1","0.2","1.4","0.2","(X)","(X)","18.5","0.1","83.0","0.2","81.5","0.1","77.4","0.3","15.9","0.4","13.0","0.1","547559","(X)","46.9","0.1","53.1","0.1","(X)","(X)","87354","(X)","41.4","0.2","58.6","0.2","(X)","(X)","671803","(X)","89.8","0.8","10.2","0.8","89.8","0.8","38.4","0.5","42.1","0.5","0.5","0.2","N","N","N","N","N","N","N","N","4.2","0.2","1.1","0.2","1.1","0.2","0.4","0.1","0.1","0.1","0.5","0.1","0.2","0.1","0.7","0.2","0.1","0.1","N","N","N","N","N","N","N","N","4.6","0.7","10.2","0.8","1.9","0.5","0.3","0.2","1.2","0.2","4.4","0.5","0.3","0.2","0.6","0.2","671803","(X)","47.2","0.9","46.0","0.4","1.7","0.4","5.9","0.3","0.3","0.2","10.5","0.7","671803","(X)","11.7","*****","3.0","0.7","0.8","0.3","0.4","0.1","7.6","0.8","88.3","*****","36.7","0.2","41.7","0.6","0.2","0.1","4.1","0.2","0.1","0.1","0.6","0.2","5.0","0.6","0.8","0.2","4.2","0.6","(X)","(X)","502427","(X)","46.5","0.4","53.5","0.4",
"0400000US12","Florida","22244823","*****","10953468","6169","11291355","6169","97.0","0.1","1101350","3679","1162982","16643","1260197","16723","1275398","6898","1340486","7610","2783761","7985","2799499","6031","2734163","6085","1472092","14726","1520481","15421","2604014","4745","1638608","13310","551792","13118","42.7","0.1","4294894","2672","18459053","8546","17949929","2672","17173813","11098","5701562","15321","4794414","4352","17949929","2672","8751831","3421","9198098","3085","95.1","0.1","4794414","4352","2162557","3457","2631857","2790","82.2","0.2","22244823","*****","17992413","53578","4252410","53578","17992413","53578","12445576","37941","3345420","23249","90848","11186","5847","1354","1168","588","707","402","698","593","640512","10664","194027","13422","96904","8349","119856","8705","12680","2876","26329","3216","89012","9833","101704","8551","12446","2353","2517","1174","3413","1097","2324","962","4192","1780","1457611","38859","4252410","53578","271851","16353","117857","7240","136655","9237","3312642","48231","23976","3790","156884","12814","22244823","*****","16448100","47800","3940493","19146","315854","15641","872174","10945","39358","4870","5066188","44747","22244823","*****","6025039","*****","722134","28331","1239809","33120","1556305","33279","2506791","43778","16219784","*****","11309403","16737","3241015","20490","22504","2356","623692","10461","9486","1754","152054","13411","861630","22327","275104","14381","586526","18232","10257553","836","16141900","33479","7813772","21896","8328128","17173","22244823","(X)","49.2","0.1","50.8","0.1","(X)","(X)","5.0","0.1","5.2","0.1","5.7","0.1","5.7","0.1","6.0","0.1","12.5","0.1","12.6","0.1","12.3","0.1","6.6","0.1","6.8","0.1","11.7","0.1","7.4","0.1","2.5","0.1","(X)","(X)","19.3","0.1","83.0","0.1","80.7","0.1","77.2","0.1","25.6","0.1","21.6","0.1","17949929","(X)","48.8","0.1","51.2","0.1","(X)","(X)","4794414","(X)","45.1","0.1","54.9","0.1","(X)","(X)","22244823","(X)","80.9","0.2","19.1","0.2","80.9","0.2","55.9","0.2","15.0","0.1","0.4","0.1","0.0","0.1","0.0","0.1","0.0","0.1","0.0","0.1","2.9","0.1","0.9","0.1","0.4","0.1","0.5","0.1","0.1","0.1","0.1","0.1","0.4","0.1","0.5","0.1","0.1","0.1","0.0","0.1","0.0","0.1","0.0","0.1","0.0","0.1","6.6","0.2","19.1","0.2","1.2","0.1","0.5","0.1","0.6","0.1","14.9","0.2","0.1","0.1","0.7","0.1","22244823","(X)","73.9","0.2","17.7","0.1","1.4","0.1","3.9","0.1","0.2","0.1","22.8","0.2","22244823","(X)","27.1","*****","3.2","0.1","5.6","0.1","7.0","0.1","11.3","0.2","72.9","*****","50.8","0.1","14.6","0.1","0.1","0.1","2.8","0.1","0.0","0.1","0.7","0.1","3.9","0.1","1.2","0.1","2.6","0.1","(X)","(X)","16141900","(X)","48.4","0.1","51.6","0.1",
"0400000US13","Georgia","10912876","*****","5323951","9254","5588925","9254","95.3","0.3","621126","4268","683215","11581","741043","12005","762949","9630","771563","9775","1483997","11087","1469050","9322","1399249","8325","681208","11773","655201","11422","998558","4756","502309","6220","143408","5346","37.6","0.1","2505668","3285","8708310","8015","8407208","3285","7944999","10622","2032087","11373","1644275","4194","8407208","3285","4042046","4957","4365162","3923","92.6","0.2","1644275","4194","719637","2799","924638","2790","77.8","0.4","10912876","*****","10004145","28830","908731","28830","10004145","28830","5594859","14916","3384201","20860","55227","7918","4295","1218","38","50","325","206","455","397","485027","6822","166525","8109","77843","8402","24826","3561","9709","2501","64229","5987","70019","8308","71876","7540","8466","2810","1549","806","1819","892","713","483","4385","2456","476365","17212","908731","28830","157239","11538","99176","7614","63843","6008","420865","18022","24310","4884","37795","6070","10912876","*****","6400512","22059","3669298","14468","229975","12835","591612","7694","24370","4632","982526","19079","10912876","*****","1132604","1773","576596","15411","121435","11038","37278","5479","397295","16889","9780272","1773","5415657","7349","3349240","19904","11923","2301","479156","6787","6957","2869","54416","6109","462923","19251","76701","7299","386222","17787","4539156","441","7885389","16224","3769995","10824","4115394","9214","10912876","(X)","48.8","0.1","51.2","0.1","(X)","(X)","5.7","0.1","6.3","0.1","6.8","0.1","7.0","0.1","7.1","0.1","13.6","0.1","13.5","0.1","12.8","0.1","6.2","0.1","6.0","0.1","9.2","0.1","4.6","0.1","1.3","0.1","(X)","(X)","23.0","0.1","79.8","0.1","77.0","0.1","72.8","0.1","18.6","0.1","15.1","0.1","8407208","(X)","48.1","0.1","51.9","0.1","(X)","(X)","1644275","(X)","43.8","0.1","56.2","0.1","(X)","(X)","10912876","(X)","91.7","0.3","8.3","0.3","91.7","0.3","51.3","0.1","31.0","0.2","0.5","0.1","0.0","0.1","0.0","0.1","0.0","0.1","0.0","0.1","4.4","0.1","1.5","0.1","0.7","0.1","0.2","0.1","0.1","0.1","0.6","0.1","0.6","0.1","0.7","0.1","0.1","0.1","0.0","0.1","0.0","0.1","0.0","0.1","0.0","0.1","4.4","0.2","8.3","0.3","1.4","0.1","0.9","0.1","0.6","0.1","3.9","0.2","0.2","0.1","0.3","0.1","10912876","(X)","58.7","0.2","33.6","0.1","2.1","0.1","5.4","0.1","0.2","0.1","9.0","0.2","10912876","(X)","10.4","0.1","5.3","0.1","1.1","0.1","0.3","0.1","3.6","0.2","89.6","0.1","49.6","0.1","30.7","0.2","0.1","0.1","4.4","0.1","0.1","0.1","0.5","0.1","4.2","0.2","0.7","0.1","3.5","0.2","(X)","(X)","7885389","(X)","47.8","0.1","52.2","0.1",
"0400000US15","Hawaii","1440196","*****","725309","1983","714887","1983","101.5","0.6","78927","445","82233","2953","88272","2793","77574","1949","89347","1961","190091","1932","192131","2045","170144","1706","85230","3733","91593","3717","163041","884","94511","2631","37102","2403","40.8","0.2","296866","328","1175667","1762","1143330","328","1096073","2846","349372","3347","294654","872","1143330","328","572111","992","571219","945","100.2","0.3","294654","872","134195","633","160459","554","83.6","0.5","1440196","*****","1027374","12644","412822","12644","1027374","12644","319118","4791","26010","1945","4100","1191","N","N","N","N","N","N","N","N","506753","9219","2573","1037","61728","7313","198648","10788","152062","7263","18422","2566","9277","2179","64043","4608","143444","6568","1354","611","83655","6623","13123","2988","45312","6667","27949","4078","412822","12644","7537","1345","8923","1146","77004","4891","27432","3909","575","304","1445","683","1440196","*****","631327","11906","56951","3218","46105","4641","812862","5243","404442","10474","83807","7600","1440196","*****","160103","*****","57839","4935","48406","5607","2610","1205","51248","5160","1280093","*****","297937","2399","23682","1716","1830","598","498125","9030","134567","5389","5378","1488","318574","11815","8031","2383","310543","11521","568058","95","1057268","8047","535795","4549","521473","4534","1440196","(X)","50.4","0.1","49.6","0.1","(X)","(X)","5.5","0.1","5.7","0.2","6.1","0.2","5.4","0.1","6.2","0.1","13.2","0.1","13.3","0.1","11.8","0.1","5.9","0.3","6.4","0.3","11.3","0.1","6.6","0.2","2.6","0.2","(X)","(X)","20.6","0.1","81.6","0.1","79.4","0.1","76.1","0.2","24.3","0.2","20.5","0.1","1143330","(X)","50.0","0.1","50.0","0.1","(X)","(X)","294654","(X)","45.5","0.1","54.5","0.1","(X)","(X)","1440196","(X)","71.3","0.9","28.7","0.9","71.3","0.9","22.2","0.3","1.8","0.1","0.3","0.1","N","N","N","N","N","N","N","N","35.2","0.6","0.2","0.1","4.3","0.5","13.8","0.7","10.6","0.5","1.3","0.2","0.6","0.2","4.4","0.3","10.0","0.5","0.1","0.1","5.8","0.5","0.9","0.2","3.1","0.5","1.9","0.3","28.7","0.9","0.5","0.1","0.6","0.1","5.3","0.3","1.9","0.3","0.0","0.1","0.1","0.1","1440196","(X)","43.8","0.8","4.0","0.2","3.2","0.3","56.4","0.4","28.1","0.7","5.8","0.5","1440196","(X)","11.1","*****","4.0","0.3","3.4","0.4","0.2","0.1","3.6","0.4","88.9","*****","20.7","0.2","1.6","0.1","0.1","0.1","34.6","0.6","9.3","0.4","0.4","0.1","22.1","0.8","0.6","0.2","21.6","0.8","(X)","(X)","1057268","(X)","50.7","0.2","49.3","0.2",
"0400000US16","Idaho","1939033","*****","976925","2900","962108","2900","101.5","0.6","111816","1274","127781","4429","139762","4051","138308","4019","141188","3869","250343","3341","256103","2768","219658","2605","108296","4584","116248","4668","200204","1599","98886","2573","30440","2213","37.5","0.2","464620","1963","1530729","3002","1474413","1963","1393829","4627","399602","4515","329530","1671","1474413","1963","738743","1943","735670","1712","100.4","0.4","329530","1671","155482","1145","174048","1172","89.3","0.9","1939033","*****","1748861","9747","190172","9747","1748861","9747","1588044","7855","12689","1604","24880","3493","1017","674","201","146","1354","1370","462","415","26027","2327","2740","1204","4124","1243","4193","1120","2851","799","2906","1163","1862","786","7351","1842","3266","1064","194","311","1179","830","895","549","998","668","93955","6740","190172","9747","9369","1432","26657","2331","19326","2239","116882","8997","927","765","1190","687","1939033","*****","1773226","7982","28658","2965","63004","4829","50687","2678","7906","1539","222065","8517","1939033","*****","261921","*****","208279","5942","7005","1934","1614","790","45023","5687","1677112","*****","1531219","5493","11868","1592","15825","1461","25174","2180","3162","1039","8752","2459","81112","5504","25853","4640","55259","3070","796968","231","1418306","5358","707662","3552","710644","3100","1939033","(X)","50.4","0.1","49.6","0.1","(X)","(X)","5.8","0.1","6.6","0.2","7.2","0.2","7.1","0.2","7.3","0.2","12.9","0.2","13.2","0.1","11.3","0.1","5.6","0.2","6.0","0.2","10.3","0.1","5.1","0.1","1.6","0.1","(X)","(X)","24.0","0.1","78.9","0.2","76.0","0.1","71.9","0.2","20.6","0.2","17.0","0.1","1474413","(X)","50.1","0.1","49.9","0.1","(X)","(X)","329530","(X)","47.2","0.2","52.8","0.2","(X)","(X)","1939033","(X)","90.2","0.5","9.8","0.5","90.2","0.5","81.9","0.4","0.7","0.1","1.3","0.2","0.1","0.1","0.0","0.1","0.1","0.1","0.0","0.1","1.3","0.1","0.1","0.1","0.2","0.1","0.2","0.1","0.1","0.1","0.1","0.1","0.1","0.1","0.4","0.1","0.2","0.1","0.0","0.1","0.1","0.1","0.0","0.1","0.1","0.1","4.8","0.3","9.8","0.5","0.5","0.1","1.4","0.1","1.0","0.1","6.0","0.5","0.0","0.1","0.1","0.1","1939033","(X)","91.4","0.4","1.5","0.2","3.2","0.2","2.6","0.1","0.4","0.1","11.5","0.4","1939033","(X)","13.5","*****","10.7","0.3","0.4","0.1","0.1","0.1","2.3","0.3","86.5","*****","79.0","0.3","0.6","0.1","0.8","0.1","1.3","0.1","0.2","0.1","0.5","0.1","4.2","0.3","1.3","0.2","2.8","0.2","(X)","(X)","1418306","(X)","49.9","0.1","50.1","0.1",
"0400000US17","Illinois","12582032","*****","6229035","4838","6352997","4838","98.0","0.2","674211","2225","735342","11941","808148","11403","820510","5208","850982","5300","1689818","5130","1673268","4916","1557011","4411","798387","11603","809415","11423","1262869","3092","656343","7255","245728","6956","39.1","0.3","2716206","2092","10199598","6710","9865826","2092","9382977","9529","2642662","10422","2164940","2197","9865826","2092","4835221","3082","5030605","3014","96.1","0.1","2164940","2197","959130","1646","1205810","1740","79.5","0.2","12582032","*****","11214606","31662","1367426","31662","11214606","31662","7683527","20370","1689724","16615","86968","8526","1766","676","944","849","450","272","683","444","754911","7298","270311","14345","138440","9669","131433","9662","16752","2594","55515","5407","28328","4967","114132","10185","7352","2769","212","215","1358","663","2695","2076","3087","1844","992124","30127","1367426","31662","144813","10288","83983","5150","90167","6349","890019","28353","16467","3651","28964","5288","12582032","*****","8967181","34681","1931027","11001","249682","13153","881764","6109","23577","5864","1979228","22643","12582032","*****","2299726","1207","1759842","20485","214835","14049","30785","4320","294264","16495","10282306","1207","7356301","10250","1660423","15966","10405","1647","747296","7022","3896","1907","45386","6480","458599","17597","109959","9123","348640","15727","5452461","350","9076287","18976","4419914","12726","4656373","11354","12582032","(X)","49.5","0.1","50.5","0.1","(X)","(X)","5.4","0.1","5.8","0.1","6.4","0.1","6.5","0.1","6.8","0.1","13.4","0.1","13.3","0.1","12.4","0.1","6.3","0.1","6.4","0.1","10.0","0.1","5.2","0.1","2.0","0.1","(X)","(X)","21.6","0.1","81.1","0.1","78.4","0.1","74.6","0.1","21.0","0.1","17.2","0.1","9865826","(X)","49.0","0.1","51.0","0.1","(X)","(X)","2164940","(X)","44.3","0.1","55.7","0.1","(X)","(X)","12582032","(X)","89.1","0.3","10.9","0.3","89.1","0.3","61.1","0.2","13.4","0.1","0.7","0.1","0.0","0.1","0.0","0.1","0.0","0.1","0.0","0.1","6.0","0.1","2.1","0.1","1.1","0.1","1.0","0.1","0.1","0.1","0.4","0.1","0.2","0.1","0.9","0.1","0.1","0.1","0.0","0.1","0.0","0.1","0.0","0.1","0.0","0.1","7.9","0.2","10.9","0.3","1.2","0.1","0.7","0.1","0.7","0.1","7.1","0.2","0.1","0.1","0.2","0.1","12582032","(X)","71.3","0.3","15.3","0.1","2.0","0.1","7.0","0.1","0.2","0.1","15.7","0.2","12582032","(X)","18.3","0.1","14.0","0.2","1.7","0.1","0.2","0.1","2.3","0.1","81.7","0.1","58.5","0.1","13.2","0.1","0.1","0.1","5.9","0.1","0.0","0.1","0.4","0.1","3.6","0.1","0.9","0.1","2.8","0.1","(X)","(X)","9076287","(X)","48.7","0.1","51.3","0.1",
"0400000US18","Indiana","6833037","*****","3392667","5526","3440370","5526","98.6","0.3","399031","2404","439398","8731","445513","9145","474821","5719","489814","5140","886951","5648","866145","5744","815195","5428","414046","8314","444697","8478","688473","2800","350997","4719","117956","4559","38.2","0.2","1569374","2520","5456066","5592","5263663","2520","4970757","8094","1424537","8228","1157426","3239","5263663","2520","2584646","3128","2679017","3162","96.5","0.2","1157426","3239","514558","1929","642868","2642","80.0","0.5","6833037","*****","6355005","14944","478032","14944","6355005","14944","5297623","9839","637617","10247","23265","4935","1627","506","481","486","343","288","431","419","173672","4163","54544","5696","31933","3855","13154","2944","4487","1249","8689","1971","6005","1747","54860","5432","2572","945","2","6","634","432","993","759","943","653","220256","10672","478032","14944","90141","7750","69515","4068","31883","3854","227512","10791","5642","2020","12664","4044","6833037","*****","5744571","13952","769996","6932","120130","8677","218761","4304","9231","3014","477150","10910","6833037","*****","534528","1776","362230","10154","51234","6053","8120","2441","112944","8387","6298509","1776","5192455","6936","628054","9598","5866","1175","172880","4073","2545","946","33467","5298","263242","11660","51458","6355","211784","9984","2977176","875","5054476","9636","2473148","6880","2581328","6480","6833037","(X)","49.7","0.1","50.3","0.1","(X)","(X)","5.8","0.1","6.4","0.1","6.5","0.1","6.9","0.1","7.2","0.1","13.0","0.1","12.7","0.1","11.9","0.1","6.1","0.1","6.5","0.1","10.1","0.1","5.1","0.1","1.7","0.1","(X)","(X)","23.0","0.1","79.8","0.1","77.0","0.1","72.7","0.1","20.8","0.1","16.9","0.1","5263663","(X)","49.1","0.1","50.9","0.1","(X)","(X)","1157426","(X)","44.5","0.1","55.5","0.1","(X)","(X)","6833037","(X)","93.0","0.2","7.0","0.2","93.0","0.2","77.5","0.1","9.3","0.1","0.3","0.1","0.0","0.1","0.0","0.1","0.0","0.1","0.0","0.1","2.5","0.1","0.8","0.1","0.5","0.1","0.2","0.1","0.1","0.1","0.1","0.1","0.1","0.1","0.8","0.1","0.0","0.1","0.0","0.1","0.0","0.1","0.0","0.1","0.0","0.1","3.2","0.2","7.0","0.2","1.3","0.1","1.0","0.1","0.5","0.1","3.3","0.2","0.1","0.1","0.2","0.1","6833037","(X)","84.1","0.2","11.3","0.1","1.8","0.1","3.2","0.1","0.1","0.1","7.0","0.2","6833037","(X)","7.8","0.1","5.3","0.1","0.7","0.1","0.1","0.1","1.7","0.1","92.2","0.1","76.0","0.1","9.2","0.1","0.1","0.1","2.5","0.1","0.0","0.1","0.5","0.1","3.9","0.2","0.8","0.1","3.1","0.1","(X)","(X)","5054476","(X)","48.9","0.1","51.1","0.1",
"0400000US19","Iowa","3200517","*****","1607659","3342","1592858","3342","100.9","0.4","180010","2294","200720","5614","207426","5779","221129","4029","231721","4479","401666","5268","405073","3984","361104","3536","188738","5263","214051","5253","341121","2260","179782","3619","67976","3467","38.9","0.2","716748","2054","2570925","3155","2483769","2054","2343680","5097","716881","5058","588879","2369","2483769","2054","1239925","2667","1243844","2208","99.7","0.4","588879","2369","268696","1575","320183","1499","83.9","0.6","3200517","*****","2995154","10099","205363","10099","2995154","10099","2702598","6809","121447","6188","11718","2361","494","405","125","112","157","224","1937","1205","75649","3172","16733","4198","9843","2053","6061","1586","1652","691","6322","1583","7349","1997","27689","4365","8663","3098","0","170","300","272","716","541","7647","2983","75079","6161","205363","10099","37525","4373","28399","2508","20066","2604","97295","7242","1001","534","2322","1284","3200517","*****","2901495","9188","168815","4254","53062","4898","99472","2523","11985","3367","185536","6651","3200517","*****","218024","1406","148081","5664","10575","2878","5306","1586","54062","4794","2982493","1406","2650110","4128","119004","6136","5346","871","74892","3163","8595","3099","9260","2238","115286","6892","23796","3375","91490","5961","1438456","779","2390845","6091","1189972","4822","1200873","3618","3200517","(X)","50.2","0.1","49.8","0.1","(X)","(X)","5.6","0.1","6.3","0.2","6.5","0.2","6.9","0.1","7.2","0.1","12.6","0.2","12.7","0.1","11.3","0.1","5.9","0.2","6.7","0.2","10.7","0.1","5.6","0.1","2.1","0.1","(X)","(X)","22.4","0.1","80.3","0.1","77.6","0.1","73.2","0.2","22.4","0.2","18.4","0.1","2483769","(X)","49.9","0.1","50.1","0.1","(X)","(X)","588879","(X)","45.6","0.2","54.4","0.2","(X)","(X)","3200517","(X)","93.6","0.3","6.4","0.3","93.6","0.3","84.4","0.2","3.8","0.2","0.4","0.1","0.0","0.1","0.0","0.1","0.0","0.1","0.1","0.1","2.4","0.1","0.5","0.1","0.3","0.1","0.2","0.1","0.1","0.1","0.2","0.1","0.2","0.1","0.9","0.1","0.3","0.1","0.0","0.1","0.0","0.1","0.0","0.1","0.2","0.1","2.3","0.2","6.4","0.3","1.2","0.1","0.9","0.1","0.6","0.1","3.0","0.2","0.0","0.1","0.1","0.1","3200517","(X)","90.7","0.3","5.3","0.1","1.7","0.2","3.1","0.1","0.4","0.1","5.8","0.2","3200517","(X)","6.8","0.1","4.6","0.2","0.3","0.1","0.2","0.1","1.7","0.1","93.2","0.1","82.8","0.1","3.7","0.2","0.2","0.1","2.3","0.1","0.3","0.1","0.3","0.1","3.6","0.2","0.7","0.1","2.9","0.2","(X)","(X)","2390845","(X)","49.8","0.1","50.2","0.1",
"0400000US20","Kansas","2937150","*****","1473791","3842","1463359","3842","100.7","0.5","176673","2108","186340","6025","203412","5981","207208","3494","218626","4578","377319","5011","382629","4129","323536","3795","171124","4600","183941","4429","296501","2118","151007","3966","58834","3579","37.6","0.2","688212","1761","2330842","3316","2248938","1761","2119340","5124","613340","4375","506342","2243","2248938","1761","1120488","2609","1128450","2440","99.3","0.4","506342","2243","229600","1526","276742","1657","83.0","0.7","2937150","*****","2642907","11606","294243","11606","2642907","11606","2241911","10318","153771","5730","26522","5376","3142","777","0","185","764","620","620","453","85951","2384","21346","3406","12591","2737","8877","2125","2177","882","3837","1175","15888","2460","21235","2707","5050","2394","286","296","238","211","79","102","4447","2310","129702","9295","294243","11606","43744","5387","45512","2344","18086","2094","148358","10482","6127","2804","2637","819","2937150","*****","2520276","10891","222702","4694","95498","6837","111808","2170","10229","3184","294704","10870","2937150","*****","381746","444","288771","8464","17991","4126","6292","2369","68692","7812","2555404","444","2147943","4739","147666","5579","12065","1327","85085","2293","4020","2216","13263","2597","145362","7007","24424","4226","120938","5552","1292571","329","2138560","6315","1065269","4889","1073291","4300","2937150","(X)","50.2","0.1","49.8","0.1","(X)","(X)","6.0","0.1","6.3","0.2","6.9","0.2","7.1","0.1","7.4","0.2","12.8","0.2","13.0","0.1","11.0","0.1","5.8","0.2","6.3","0.2","10.1","0.1","5.1","0.1","2.0","0.1","(X)","(X)","23.4","0.1","79.4","0.1","76.6","0.1","72.2","0.2","20.9","0.1","17.2","0.1","2248938","(X)","49.8","0.1","50.2","0.1","(X)","(X)","506342","(X)","45.3","0.2","54.7","0.2","(X)","(X)","2937150","(X)","90.0","0.4","10.0","0.4","90.0","0.4","76.3","0.4","5.2","0.2","0.9","0.2","0.1","0.1","0.0","0.1","0.0","0.1","0.0","0.1","2.9","0.1","0.7","0.1","0.4","0.1","0.3","0.1","0.1","0.1","0.1","0.1","0.5","0.1","0.7","0.1","0.2","0.1","0.0","0.1","0.0","0.1","0.0","0.1","0.2","0.1","4.4","0.3","10.0","0.4","1.5","0.2","1.5","0.1","0.6","0.1","5.1","0.4","0.2","0.1","0.1","0.1","2937150","(X)","85.8","0.4","7.6","0.2","3.3","0.2","3.8","0.1","0.3","0.1","10.0","0.4","2937150","(X)","13.0","0.1","9.8","0.3","0.6","0.1","0.2","0.1","2.3","0.3","87.0","0.1","73.1","0.2","5.0","0.2","0.4","0.1","2.9","0.1","0.1","0.1","0.5","0.1","4.9","0.2","0.8","0.1","4.1","0.2","(X)","(X)","2138560","(X)","49.8","0.2","50.2","0.2",
"0400000US21","Kentucky","4512310","*****","2233158","4243","2279152","4243","98.0","0.4","260433","2023","281095","7520","284053","7101","293874","4532","301356","4773","587159","5019","569323","4118","557593","3842","279552","6123","306759","6254","477806","2400","235960","4136","77347","3988","39.4","0.2","1004880","2064","3626511","4296","3507430","2064","3332221","6085","975245","6124","791113","2878","3507430","2064","1720199","2636","1787231","2528","96.2","0.3","791113","2878","353762","1974","437351","1822","80.9","0.5","4512310","*****","4240286","11459","272024","11459","4240286","11459","3749247","6337","347039","8974","7860","1648","N","N","N","N","N","N","N","N","62873","3801","15707","3452","8629","1872","6593","1512","3774","1122","6840","1470","5952","2162","15378","3137","3502","1916","92","137","388","336","166","165","2856","1897","69765","5636","272024","11459","60762","6411","53683","3304","19616","2763","102250","8304","3618","1821","6125","1876","4512310","*****","4005434","10705","432293","5577","78006","5222","91658","2931","8610","2530","189048","7666","4512310","*****","187483","2354","93890","6717","19726","3261","22646","4220","51221","5512","4324827","2354","3710998","5181","343194","8795","4302","1376","62240","3724","3170","1919","13529","3392","187394","10039","36395","4704","150999","8337","2023679","185","3419836","5487","1673379","4084","1746457","3993","4512310","(X)","49.5","0.1","50.5","0.1","(X)","(X)","5.8","0.1","6.2","0.2","6.3","0.2","6.5","0.1","6.7","0.1","13.0","0.1","12.6","0.1","12.4","0.1","6.2","0.1","6.8","0.1","10.6","0.1","5.2","0.1","1.7","0.1","(X)","(X)","22.3","0.1","80.4","0.1","77.7","0.1","73.8","0.1","21.6","0.1","17.5","0.1","3507430","(X)","49.0","0.1","51.0","0.1","(X)","(X)","791113","(X)","44.7","0.2","55.3","0.2","(X)","(X)","4512310","(X)","94.0","0.3","6.0","0.3","94.0","0.3","83.1","0.1","7.7","0.2","0.2","0.1","N","N","N","N","N","N","N","N","1.4","0.1","0.3","0.1","0.2","0.1","0.1","0.1","0.1","0.1","0.2","0.1","0.1","0.1","0.3","0.1","0.1","0.1","0.0","0.1","0.0","0.1","0.0","0.1","0.1","0.1","1.5","0.1","6.0","0.3","1.3","0.1","1.2","0.1","0.4","0.1","2.3","0.2","0.1","0.1","0.1","0.1","4512310","(X)","88.8","0.2","9.6","0.1","1.7","0.1","2.0","0.1","0.2","0.1","4.2","0.2","4512310","(X)","4.2","0.1","2.1","0.1","0.4","0.1","0.5","0.1","1.1","0.1","95.8","0.1","82.2","0.1","7.6","0.2","0.1","0.1","1.4","0.1","0.1","0.1","0.3","0.1","4.2","0.2","0.8","0.1","3.3","0.2","(X)","(X)","3419836","(X)","48.9","0.1","51.1","0.1",
"0400000US22","Louisiana","4590241","*****","2248146","5640","2342095","5640","96.0","0.5","270937","3377","287552","7900","313246","7814","306657","6213","315728","6665","592066","7620","611300","7460","533153","6746","262705","7345","316836","7025","472005","2980","236926","4325","71130","3993","38.2","0.2","1058860","1936","3656541","5274","3531381","1936","3342828","7189","970359","6991","780061","2815","3531381","1936","1705107","2371","1826274","2250","93.4","0.2","780061","2815","346105","1868","433956","2070","79.8","0.6","4590241","*****","4275350","12995","314891","12995","4275350","12995","2646226","7891","1428423","10468","27069","3508","1298","564","158","231","292","385","581","545","81705","2992","13941","2621","13778","3005","8647","2238","1660","1111","4048","1620","26536","4194","13095","2657","2400","1549","N","N","N","N","N","N","N","N","89527","6759","314891","12995","56158","6648","44294","4449","17094","2630","144317","8968","13637","4393","9573","2683","4590241","*****","2931842","10944","1526386","6753","103401","7179","104841","2584","6307","2111","259098","8808","4590241","*****","262213","1014","80558","7832","15140","2411","9213","2235","157302","8039","4328028","1014","2603221","6427","1420055","10457","19991","2495","81169","3073","2279","1533","18043","3557","183270","11850","41638","6129","141632","9221","2113178","174","3436396","6417","1652462","4425","1783934","4038","4590241","(X)","49.0","0.1","51.0","0.1","(X)","(X)","5.9","0.1","6.3","0.2","6.8","0.2","6.7","0.1","6.9","0.1","12.9","0.2","13.3","0.2","11.6","0.1","5.7","0.2","6.9","0.2","10.3","0.1","5.2","0.1","1.5","0.1","(X)","(X)","23.1","0.1","79.7","0.1","76.9","0.1","72.8","0.2","21.1","0.2","17.0","0.1","3531381","(X)","48.3","0.1","51.7","0.1","(X)","(X)","780061","(X)","44.4","0.2","55.6","0.2","(X)","(X)","4590241","(X)","93.1","0.3","6.9","0.3","93.1","0.3","57.6","0.2","31.1","0.2","0.6","0.1","0.0","0.1","0.0","0.1","0.0","0.1","0.0","0.1","1.8","0.1","0.3","0.1","0.3","0.1","0.2","0.1","0.0","0.1","0.1","0.1","0.6","0.1","0.3","0.1","0.1","0.1","N","N","N","N","N","N","N","N","2.0","0.1","6.9","0.3","1.2","0.1","1.0","0.1","0.4","0.1","3.1","0.2","0.3","0.1","0.2","0.1","4590241","(X)","63.9","0.2","33.3","0.1","2.3","0.2","2.3","0.1","0.1","0.1","5.6","0.2","4590241","(X)","5.7","0.1","1.8","0.2","0.3","0.1","0.2","0.1","3.4","0.2","94.3","0.1","56.7","0.1","30.9","0.2","0.4","0.1","1.8","0.1","0.0","0.1","0.4","0.1","4.0","0.3","0.9","0.1","3.1","0.2","(X)","(X)","3436396","(X)","48.1","0.1","51.9","0.1",
"0400000US23","Maine","1385340","*****","684557","2382","700783","2382","97.7","0.7","61018","1308","69458","3344","70100","3470","74870","1802","79753","1880","165876","2084","169999","2123","169264","1819","101581","3825","110528","3705","185668","1081","94186","2341","33039","2330","45.1","0.2","245491","1248","1170061","1904","1139849","1248","1094878","2849","377772","4112","312893","1287","1139849","1248","558105","1841","581744","1550","95.9","0.5","312893","1287","143912","807","168981","995","85.2","0.7","1385340","*****","1312788","4631","72552","4631","1312788","4631","1258198","4632","22106","2660","7035","1394","N","N","N","N","N","N","N","N","16274","1499","1411","655","4682","1108","4386","1417","492","360","1222","596","1163","689","2918","908","221","178","N","N","N","N","N","N","N","N","8954","1958","72552","4631","9064","2247","14983","1256","8132","1303","34201","3986","292","258","592","345","1385340","*****","1329331","3706","35473","1101","25539","2063","25566","1049","1459","637","45025","4562","1385340","*****","28717","463","8143","1719","8597","2416","1187","662","10790","2054","1356623","463","1249233","3975","21583","2611","5205","763","16151","1479","221","178","5873","1736","58357","4537","23012","3679","35345","2762","751697","844","1119712","2563","548489","2140","571223","1854","1385340","(X)","49.4","0.2","50.6","0.2","(X)","(X)","4.4","0.1","5.0","0.2","5.1","0.3","5.4","0.1","5.8","0.1","12.0","0.2","12.3","0.2","12.2","0.1","7.3","0.3","8.0","0.3","13.4","0.1","6.8","0.2","2.4","0.2","(X)","(X)","17.7","0.1","84.5","0.1","82.3","0.1","79.0","0.2","27.3","0.3","22.6","0.1","1139849","(X)","49.0","0.1","51.0","0.1","(X)","(X)","312893","(X)","46.0","0.2","54.0","0.2","(X)","(X)","1385340","(X)","94.8","0.3","5.2","0.3","94.8","0.3","90.8","0.3","1.6","0.2","0.5","0.1","N","N","N","N","N","N","N","N","1.2","0.1","0.1","0.1","0.3","0.1","0.3","0.1","0.0","0.1","0.1","0.1","0.1","0.1","0.2","0.1","0.0","0.1","N","N","N","N","N","N","N","N","0.6","0.1","5.2","0.3","0.7","0.2","1.1","0.1","0.6","0.1","2.5","0.3","0.0","0.1","0.0","0.1","1385340","(X)","96.0","0.3","2.6","0.1","1.8","0.1","1.8","0.1","0.1","0.1","3.3","0.3","1385340","(X)","2.1","0.1","0.6","0.1","0.6","0.2","0.1","0.1","0.8","0.1","97.9","0.1","90.2","0.3","1.6","0.2","0.4","0.1","1.2","0.1","0.0","0.1","0.4","0.1","4.2","0.3","1.7","0.3","2.6","0.2","(X)","(X)","1119712","(X)","49.0","0.1","51.0","0.1",
"0400000US24","Maryland","6164660","*****","3004117","3849","3160543","3849","95.1","0.2","349193","2404","373075","9033","387050","9029","389324","4732","379802","4309","804952","3490","840212","3288","772926","3339","408464","8481","416883","9243","608167","2992","317893","5212","116719","5058","39.7","0.2","1346731","1757","4974349","4883","4817929","1757","4591262","6377","1288293","6872","1042779","2899","4817929","1757","2313587","1904","2504342","1818","92.4","0.1","1042779","2899","453532","1906","589247","1641","77.0","0.3","6164660","*****","5661424","19559","503236","19559","5661424","19559","2983674","13090","1823687","11781","26649","5861","1305","623","330","393","449","398","215","239","404207","6449","102439","9086","95119","7880","49946","5890","6532","2096","47796","5342","24469","4027","77906","8571","3088","1376","480","419","858","610","429","494","1321","1049","420119","17677","503236","19559","99926","9143","28314","2642","63275","5397","198735","12759","15583","3847","25842","5324","6164660","*****","3416460","19205","2006889","7449","102216","9550","496728","4454","18767","4609","676157","15411","6164660","*****","705842","459","112782","10543","64800","6613","15744","3643","512516","12176","5458818","459","2906492","7741","1800914","11250","8930","2008","401818","6153","2417","1231","46930","6822","291317","13499","55941","6229","235376","12130","2559057","654","4410631","15309","2108530","10009","2302101","8889","6164660","(X)","48.7","0.1","51.3","0.1","(X)","(X)","5.7","0.1","6.1","0.1","6.3","0.1","6.3","0.1","6.2","0.1","13.1","0.1","13.6","0.1","12.5","0.1","6.6","0.1","6.8","0.1","9.9","0.1","5.2","0.1","1.9","0.1","(X)","(X)","21.8","0.1","80.7","0.1","78.2","0.1","74.5","0.1","20.9","0.1","16.9","0.1","4817929","(X)","48.0","0.1","52.0","0.1","(X)","(X)","1042779","(X)","43.5","0.1","56.5","0.1","(X)","(X)","6164660","(X)","91.8","0.3","8.2","0.3","91.8","0.3","48.4","0.2","29.6","0.2","0.4","0.1","0.0","0.1","0.0","0.1","0.0","0.1","0.0","0.1","6.6","0.1","1.7","0.1","1.5","0.1","0.8","0.1","0.1","0.1","0.8","0.1","0.4","0.1","1.3","0.1","0.1","0.1","0.0","0.1","0.0","0.1","0.0","0.1","0.0","0.1","6.8","0.3","8.2","0.3","1.6","0.1","0.5","0.1","1.0","0.1","3.2","0.2","0.3","0.1","0.4","0.1","6164660","(X)","55.4","0.3","32.6","0.1","1.7","0.2","8.1","0.1","0.3","0.1","11.0","0.2","6164660","(X)","11.4","0.1","1.8","0.2","1.1","0.1","0.3","0.1","8.3","0.2","88.6","0.1","47.1","0.1","29.2","0.2","0.1","0.1","6.5","0.1","0.0","0.1","0.8","0.1","4.7","0.2","0.9","0.1","3.8","0.2","(X)","(X)","4410631","(X)","47.8","0.1","52.2","0.1",
"0400000US25","Massachusetts","6981974","*****","3419487","2852","3562487","2852","96.0","0.2","342252","1173","359840","8210","386696","8192","454230","3643","491572","3398","968621","2934","907291","2563","858029","2737","474572","9103","478771","9420","731781","1981","381747","5856","146572","5755","40.3","0.2","1335988","1461","5805465","4305","5645986","1461","5339036","6804","1547748","9676","1260100","1617","5645986","1461","2735174","1950","2910812","1413","94.0","0.1","1260100","1617","556595","1221","703505","1104","79.1","0.2","6981974","*****","6237166","20970","744808","20970","6237166","20970","4800968","14636","495214","11509","19707","4748","N","N","N","N","N","N","N","N","504908","6570","127162","8285","173260","9702","11735","2044","10060","2345","30656","4239","54488","7130","97547","8176","1825","1056","605","473","773","661","234","377","213","240","414544","17418","744808","20970","64245","6136","24664","2111","65284","5502","415198","16841","7360","2212","86343","9707","6981974","*****","5434894","16631","712363","9952","75889","7933","588732","5284","7367","1971","980153","19385","6981974","*****","911038","490","60988","7332","305888","12083","15242","2444","528920","13167","6070936","490","4676627","12016","459740","10286","5838","1140","501463","6495","976","658","84403","8787","341889","14989","161955","12302","179934","10028","3036303","363","5139152","14755","2476082","9407","2663070","8896","6981974","(X)","49.0","0.1","51.0","0.1","(X)","(X)","4.9","0.1","5.2","0.1","5.5","0.1","6.5","0.1","7.0","0.1","13.9","0.1","13.0","0.1","12.3","0.1","6.8","0.1","6.9","0.1","10.5","0.1","5.5","0.1","2.1","0.1","(X)","(X)","19.1","0.1","83.1","0.1","80.9","0.1","76.5","0.1","22.2","0.1","18.0","0.1","5645986","(X)","48.4","0.1","51.6","0.1","(X)","(X)","1260100","(X)","44.2","0.1","55.8","0.1","(X)","(X)","6981974","(X)","89.3","0.3","10.7","0.3","89.3","0.3","68.8","0.2","7.1","0.2","0.3","0.1","N","N","N","N","N","N","N","N","7.2","0.1","1.8","0.1","2.5","0.1","0.2","0.1","0.1","0.1","0.4","0.1","0.8","0.1","1.4","0.1","0.0","0.1","0.0","0.1","0.0","0.1","0.0","0.1","0.0","0.1","5.9","0.2","10.7","0.3","0.9","0.1","0.4","0.1","0.9","0.1","5.9","0.2","0.1","0.1","1.2","0.1","6981974","(X)","77.8","0.2","10.2","0.1","1.1","0.1","8.4","0.1","0.1","0.1","14.0","0.3","6981974","(X)","13.0","0.1","0.9","0.1","4.4","0.2","0.2","0.1","7.6","0.2","87.0","0.1","67.0","0.2","6.6","0.1","0.1","0.1","7.2","0.1","0.0","0.1","1.2","0.1","4.9","0.2","2.3","0.2","2.6","0.1","(X)","(X)","5139152","(X)","48.2","0.1","51.8","0.1",
"0400000US26","Michigan","10034118","*****","4979089","4441","5055029","4442","98.5","0.2","536805","2218","571751","9221","615180","9008","643459","5345","687971","5031","1315373","6005","1219208","4493","1201643","3876","649226","9872","715940","9692","1123560","2619","552700","6536","201302","6357","40.3","0.1","2106228","1843","8179427","5182","7927890","1833","7525994","7771","2305604","8531","1877562","2902","7927890","1833","3899214","3038","4028676","2842","96.8","0.1","1877562","2902","849192","2119","1028370","1681","82.6","0.2","10034118","*****","9321148","17736","712970","17735","9321148","17736","7422249","14661","1325693","12884","46016","4406","1816","696","15580","2256","132","122","274","316","337376","5721","124650","7702","58963","5310","27881","3762","12642","2544","25853","3458","16139","3269","71248","8495","2454","843","133","119","990","539","400","343","931","505","187360","10937","712970","17735","150741","12360","96137","3651","64281","5381","315159","13372","13061","2875","12148","2623","10034118","*****","8095147","17263","1538795","7212","186247","7109","422772","3747","13173","2459","539513","14681","10034118","*****","572405","501","386713","8804","51116","5685","19170","3327","115406","7459","9461713","502","7289051","9716","1310464","12931","29011","2636","335732","5731","2207","788","45217","5544","450031","14640","107500","8607","342531","12778","4605363","2410","7661198","10792","3763011","7022","3898187","6935","10034118","(X)","49.6","0.1","50.4","0.1","(X)","(X)","5.3","0.1","5.7","0.1","6.1","0.1","6.4","0.1","6.9","0.1","13.1","0.1","12.2","0.1","12.0","0.1","6.5","0.1","7.1","0.1","11.2","0.1","5.5","0.1","2.0","0.1","(X)","(X)","21.0","0.1","81.5","0.1","79.0","0.1","75.0","0.1","23.0","0.1","18.7","0.1","7927890","(X)","49.2","0.1","50.8","0.1","(X)","(X)","1877562","(X)","45.2","0.1","54.8","0.1","(X)","(X)","10034118","(X)","92.9","0.2","7.1","0.2","92.9","0.2","74.0","0.1","13.2","0.1","0.5","0.1","0.0","0.1","0.2","0.1","0.0","0.1","0.0","0.1","3.4","0.1","1.2","0.1","0.6","0.1","0.3","0.1","0.1","0.1","0.3","0.1","0.2","0.1","0.7","0.1","0.0","0.1","0.0","0.1","0.0","0.1","0.0","0.1","0.0","0.1","1.9","0.1","7.1","0.2","1.5","0.1","1.0","0.1","0.6","0.1","3.1","0.1","0.1","0.1","0.1","0.1","10034118","(X)","80.7","0.2","15.3","0.1","1.9","0.1","4.2","0.1","0.1","0.1","5.4","0.1","10034118","(X)","5.7","0.1","3.9","0.1","0.5","0.1","0.2","0.1","1.2","0.1","94.3","0.1","72.6","0.1","13.1","0.1","0.3","0.1","3.3","0.1","0.0","0.1","0.5","0.1","4.5","0.1","1.1","0.1","3.4","0.1","(X)","(X)","7661198","(X)","49.1","0.1","50.9","0.1",
"0400000US27","Minnesota","5717184","*****","2869638","3494","2847546","3494","100.8","0.2","328095","2440","363889","7367","368761","7573","373716","3043","364158","3904","743021","5191","781414","3540","656345","3433","348705","6446","394033","6143","582404","1744","295745","4193","116898","3675","39.0","0.2","1288213","2076","4579443","4344","4428971","2076","4213047","5730","1230847","5385","995047","2262","4428971","2076","2209155","2843","2219816","2615","99.5","0.2","995047","2262","458806","1392","536241","1793","85.6","0.4","5717184","*****","5334396","13379","382788","13379","5334396","13379","4415751","9723","398326","8080","54420","3662","84","62","31123","1892","355","326","4416","997","295892","6209","42997","5577","26066","3808","12725","2246","2272","732","15965","2804","28289","4109","167578","8515","2821","798","494","344","142","103","331","241","1854","610","167186","9616","382788","13379","72047","6738","55426","2768","50375","4063","150115","8197","7301","2481","5277","1596","5717184","*****","4773841","12227","503636","3753","139810","5607","361629","5349","10835","2541","342175","10977","5717184","*****","333830","1717","209283","7319","17695","2817","7420","1982","99432","7734","5383354","1717","4356347","7423","395179","7858","42125","2376","294800","6161","2278","596","32976","5766","259649","11353","59104","5270","200545","9496","2547867","597","4250764","9109","2121987","5877","2128777","6225","5717184","(X)","50.2","0.1","49.8","0.1","(X)","(X)","5.7","0.1","6.4","0.1","6.5","0.1","6.5","0.1","6.4","0.1","13.0","0.1","13.7","0.1","11.5","0.1","6.1","0.1","6.9","0.1","10.2","0.1","5.2","0.1","2.0","0.1","(X)","(X)","22.5","0.1","80.1","0.1","77.5","0.1","73.7","0.1","21.5","0.1","17.4","0.1","4428971","(X)","49.9","0.1","50.1","0.1","(X)","(X)","995047","(X)","46.1","0.1","53.9","0.1","(X)","(X)","5717184","(X)","93.3","0.2","6.7","0.2","93.3","0.2","77.2","0.2","7.0","0.1","1.0","0.1","0.0","0.1","0.5","0.1","0.0","0.1","0.1","0.1","5.2","0.1","0.8","0.1","0.5","0.1","0.2","0.1","0.0","0.1","0.3","0.1","0.5","0.1","2.9","0.1","0.0","0.1","0.0","0.1","0.0","0.1","0.0","0.1","0.0","0.1","2.9","0.2","6.7","0.2","1.3","0.1","1.0","0.1","0.9","0.1","2.6","0.1","0.1","0.1","0.1","0.1","5717184","(X)","83.5","0.2","8.8","0.1","2.4","0.1","6.3","0.1","0.2","0.1","6.0","0.2","5717184","(X)","5.8","0.1","3.7","0.1","0.3","0.1","0.1","0.1","1.7","0.1","94.2","0.1","76.2","0.1","6.9","0.1","0.7","0.1","5.2","0.1","0.0","0.1","0.6","0.1","4.5","0.2","1.0","0.1","3.5","0.2","(X)","(X)","4250764","(X)","49.9","0.1","50.1","0.1",
"0400000US28","Mississippi","2940057","*****","1426689","4975","1513368","4975","94.3","0.6","169303","3123","176516","5984","205864","6416","215884","6580","209168","6534","351516","6664","379896","5130","353218","4700","166777","5418","198731","5254","309684","2900","153908","3607","49592","3365","38.9","0.2","676085","1632","2341292","4084","2263972","1632","2130887","5762","631014","4963","513184","2582","2263972","1632","1082712","2157","1181260","1720","91.7","0.3","513184","2582","224021","1671","289163","1664","77.5","0.7","2940057","*****","2804784","9608","135273","9608","2804784","9608","1638190","4842","1075313","8137","13939","2002","N","N","N","N","N","N","N","N","25575","2398","6837","1790","3661","1178","4372","1278","1478","841","982","696","3747","1330","4498","1607","684","508","N","N","N","N","N","N","N","N","51083","6078","135273","9608","31022","4562","25919","3734","9435","2161","46921","5832","5304","2181","6372","2973","2940057","*****","1757735","8349","1123520","6623","50630","5733","40773","2687","2677","1030","107345","6772","2940057","*****","97177","2619","48929","4574","11007","3130","2730","1117","34511","3635","2842880","2619","1625979","4397","1072962","8016","12457","1798","25217","2377","397","329","9501","3149","96367","8236","19589","4205","76778","6700","1342764","204","2227795","3481","1061653","2948","1166142","2532","2940057","(X)","48.5","0.2","51.5","0.2","(X)","(X)","5.8","0.1","6.0","0.2","7.0","0.2","7.3","0.2","7.1","0.2","12.0","0.2","12.9","0.2","12.0","0.2","5.7","0.2","6.8","0.2","10.5","0.1","5.2","0.1","1.7","0.1","(X)","(X)","23.0","0.1","79.6","0.1","77.0","0.1","72.5","0.2","21.5","0.2","17.5","0.1","2263972","(X)","47.8","0.1","52.2","0.1","(X)","(X)","513184","(X)","43.7","0.2","56.3","0.2","(X)","(X)","2940057","(X)","95.4","0.3","4.6","0.3","95.4","0.3","55.7","0.2","36.6","0.3","0.5","0.1","N","N","N","N","N","N","N","N","0.9","0.1","0.2","0.1","0.1","0.1","0.1","0.1","0.1","0.1","0.0","0.1","0.1","0.1","0.2","0.1","0.0","0.1","N","N","N","N","N","N","N","N","1.7","0.2","4.6","0.3","1.1","0.2","0.9","0.1","0.3","0.1","1.6","0.2","0.2","0.1","0.2","0.1","2940057","(X)","59.8","0.3","38.2","0.2","1.7","0.2","1.4","0.1","0.1","0.1","3.7","0.2","2940057","(X)","3.3","0.1","1.7","0.2","0.4","0.1","0.1","0.1","1.2","0.1","96.7","0.1","55.3","0.1","36.5","0.3","0.4","0.1","0.9","0.1","0.0","0.1","0.3","0.1","3.3","0.3","0.7","0.1","2.6","0.2","(X)","(X)","2227795","(X)","47.7","0.1","52.3","0.1",
"0400000US29","Missouri","6177957","*****","3046351","5324","3131606","5324","97.3","0.3","349648","2298","375656","7825","394409","7666","410378","4480","411856","4855","808963","4972","794549","3759","714086","4029","375467","8606","429809","8025","651424","2618","342439","4680","119273","4589","39.1","0.2","1362791","3007","4974792","5083","4815166","3007","4564505","6372","1366113","7271","1113136","2815","4815166","3007","2347855","3082","2467311","3489","95.2","0.2","1113136","2815","494874","1638","618262","2490","80.0","0.4","6177957","*****","5728200","14364","449757","14364","5728200","14364","4796965","12032","661117","9147","16919","1882","5030","1000","263","262","255","176","54","56","135056","4144","36710","5006","24650","3656","16343","3140","4129","1587","12358","2153","12341","2712","28525","4083","7691","1622","954","458","1553","735","1617","982","3567","882","110452","8310","449757","14364","77893","6649","87551","4206","32726","3627","195026","10540","9272","3602","6780","2532","6177957","*****","5224769","12217","775102","4279","134987","7709","180566","3893","19282","3013","327510","12375","6177957","*****","291763","1150","181070","5691","23808","3905","8442","2058","78443","5452","5886194","1150","4733411","9451","656739","9442","12313","1381","132436","3871","7528","1640","27467","4325","316300","13034","91431","8837","224869","9131","2826295","607","4705971","7537","2295111","4921","2410860","5800","6177957","(X)","49.3","0.1","50.7","0.1","(X)","(X)","5.7","0.1","6.1","0.1","6.4","0.1","6.6","0.1","6.7","0.1","13.1","0.1","12.9","0.1","11.6","0.1","6.1","0.1","7.0","0.1","10.5","0.1","5.5","0.1","1.9","0.1","(X)","(X)","22.1","0.1","80.5","0.1","77.9","0.1","73.9","0.1","22.1","0.1","18.0","0.1","4815166","(X)","48.8","0.1","51.2","0.1","(X)","(X)","1113136","(X)","44.5","0.1","55.5","0.1","(X)","(X)","6177957","(X)","92.7","0.2","7.3","0.2","92.7","0.2","77.6","0.2","10.7","0.1","0.3","0.1","0.1","0.1","0.0","0.1","0.0","0.1","0.0","0.1","2.2","0.1","0.6","0.1","0.4","0.1","0.3","0.1","0.1","0.1","0.2","0.1","0.2","0.1","0.5","0.1","0.1","0.1","0.0","0.1","0.0","0.1","0.0","0.1","0.1","0.1","1.8","0.1","7.3","0.2","1.3","0.1","1.4","0.1","0.5","0.1","3.2","0.2","0.2","0.1","0.1","0.1","6177957","(X)","84.6","0.2","12.5","0.1","2.2","0.1","2.9","0.1","0.3","0.1","5.3","0.2","6177957","(X)","4.7","0.1","2.9","0.1","0.4","0.1","0.1","0.1","1.3","0.1","95.3","0.1","76.6","0.2","10.6","0.2","0.2","0.1","2.1","0.1","0.1","0.1","0.4","0.1","5.1","0.2","1.5","0.1","3.6","0.1","(X)","(X)","4705971","(X)","48.8","0.1","51.2","0.1",
"0400000US30","Montana","1122867","*****","567273","2721","555594","2721","102.1","1.0","57024","1417","62553","2589","72960","2963","69694","2223","75198","2828","145978","2933","146403","2162","123314","1905","64992","3110","78615","3145","138176","1491","67441","2376","20519","2160","40.2","0.3","234182","1494","916289","1971","888685","1494","844681","3817","274276","2849","226136","1523","888685","1494","447245","1764","441440","1718","101.3","0.7","226136","1523","108044","959","118092","1251","91.5","1.3","1122867","*****","1046327","4770","76540","4770","1046327","4770","955850","5189","3663","899","60257","2696","780","437","2295","1084","745","535","1207","596","7952","1299","1009","555","2727","998","1341","561","442","301","1292","629","344","333","797","484","1612","1215","N","N","N","N","N","N","N","N","16993","5396","76540","4770","4009","1024","27563","2672","7354","1279","28370","3582","617","503","35","47","1122867","*****","1030100","5593","9696","1395","93330","2155","19065","1392","4516","1901","48955","5566","1122867","*****","49830","190","35192","2394","2128","988","1241","651","11269","1995","1073037","190","937365","5141","3428","824","58748","2412","7700","1292","1612","1215","9012","4844","55172","3836","12020","2045","43152","2730","529167","167","876987","2435","442625","2079","434362","2019","1122867","(X)","50.5","0.2","49.5","0.2","(X)","(X)","5.1","0.1","5.6","0.2","6.5","0.3","6.2","0.2","6.7","0.3","13.0","0.3","13.0","0.2","11.0","0.2","5.8","0.3","7.0","0.3","12.3","0.1","6.0","0.2","1.8","0.2","(X)","(X)","20.9","0.1","81.6","0.2","79.1","0.1","75.2","0.3","24.4","0.3","20.1","0.1","888685","(X)","50.3","0.2","49.7","0.2","(X)","(X)","226136","(X)","47.8","0.4","52.2","0.4","(X)","(X)","1122867","(X)","93.2","0.4","6.8","0.4","93.2","0.4","85.1","0.5","0.3","0.1","5.4","0.2","0.1","0.1","0.2","0.1","0.1","0.1","0.1","0.1","0.7","0.1","0.1","0.1","0.2","0.1","0.1","0.1","0.0","0.1","0.1","0.1","0.0","0.1","0.1","0.1","0.1","0.1","N","N","N","N","N","N","N","N","1.5","0.5","6.8","0.4","0.4","0.1","2.5","0.2","0.7","0.1","2.5","0.3","0.1","0.1","0.0","0.1","1122867","(X)","91.7","0.5","0.9","0.1","8.3","0.2","1.7","0.1","0.4","0.2","4.4","0.5","1122867","(X)","4.4","0.1","3.1","0.2","0.2","0.1","0.1","0.1","1.0","0.2","95.6","0.1","83.5","0.5","0.3","0.1","5.2","0.2","0.7","0.1","0.1","0.1","0.8","0.4","4.9","0.3","1.1","0.2","3.8","0.2","(X)","(X)","876987","(X)","50.5","0.2","49.5","0.2",
"0400000US31","Nebraska","1967923","*****","988837","3287","979086","3287","101.0","0.7","121107","1317","130922","4117","137862","4112","142514","3233","135424","3266","250983","3530","263908","2863","215803","2633","106172","3795","128331","3843","196677","1677","100598","2720","37622","2187","37.4","0.2","474697","1455","1547790","2266","1493226","1455","1409447","4541","411867","5029","334897","1853","1493226","1455","744822","1790","748404","1782","99.5","0.4","334897","1853","153278","1336","181619","1303","84.4","1.0","1967923","*****","1793648","9843","174275","9843","1793648","9843","1543454","8219","92208","4470","19656","2812","911","443","16","28","524","481","3758","1258","49557","2253","8577","2186","6231","1643","5532","1486","1460","608","1922","1167","8669","2099","17166","3807","1239","788","N","N","N","N","N","N","N","N","87534","8231","174275","9843","24289","3058","21616","2506","14024","2502","93019","7820","2214","1083","3096","1959","1967923","*****","1708233","11062","127176","3073","54699","4901","67003","2068","3421","1076","193734","8838","1967923","*****","241898","273","165863","6467","6473","1864","6703","2334","62859","6749","1726025","273","1492005","3529","89520","4004","10249","1553","49261","2256","1066","765","7425","2436","76499","5473","16047","2650","60452","4833","863831","325","1422853","5937","707285","4285","715568","3288","1967923","(X)","50.2","0.2","49.8","0.2","(X)","(X)","6.2","0.1","6.7","0.2","7.0","0.2","7.2","0.2","6.9","0.2","12.8","0.2","13.4","0.1","11.0","0.1","5.4","0.2","6.5","0.2","10.0","0.1","5.1","0.1","1.9","0.1","(X)","(X)","24.1","0.1","78.7","0.1","75.9","0.1","71.6","0.2","20.9","0.3","17.0","0.1","1493226","(X)","49.9","0.1","50.1","0.1","(X)","(X)","334897","(X)","45.8","0.3","54.2","0.3","(X)","(X)","1967923","(X)","91.1","0.5","8.9","0.5","91.1","0.5","78.4","0.4","4.7","0.2","1.0","0.1","0.0","0.1","0.0","0.1","0.0","0.1","0.2","0.1","2.5","0.1","0.4","0.1","0.3","0.1","0.3","0.1","0.1","0.1","0.1","0.1","0.4","0.1","0.9","0.2","0.1","0.1","N","N","N","N","N","N","N","N","4.4","0.4","8.9","0.5","1.2","0.2","1.1","0.1","0.7","0.1","4.7","0.4","0.1","0.1","0.2","0.1","1967923","(X)","86.8","0.6","6.5","0.2","2.8","0.2","3.4","0.1","0.2","0.1","9.8","0.4","1967923","(X)","12.3","0.1","8.4","0.3","0.3","0.1","0.3","0.1","3.2","0.3","87.7","0.1","75.8","0.2","4.5","0.2","0.5","0.1","2.5","0.1","0.1","0.1","0.4","0.1","3.9","0.3","0.8","0.1","3.1","0.2","(X)","(X)","1422853","(X)","49.7","0.2","50.3","0.2",
"0400000US32","Nevada","3177772","*****","1599922","2627","1577850","2627","101.4","0.3","172575","1687","192523","6962","200260","7270","193726","2138","194836","2331","456422","2900","440794","2652","397253","2438","198602","6316","192290","6528","324759","1726","170974","3504","42758","3468","39.0","0.2","689653","778","2572023","3226","2488119","778","2377199","4088","652110","5932","538491","1707","2488119","778","1249371","1215","1238748","942","100.9","0.2","538491","1707","252215","1040","286276","1103","88.1","0.4","3177772","*****","2614614","18882","563158","18882","2614614","18882","1561784","12521","297866","8652","46997","5417","1181","544","183","159","1784","1205","259","279","290678","7206","16927","4585","40009","4458","152233","9803","12413","3780","17930","3758","15233","3791","35933","5132","21966","2454","2997","1492","6921","2078","7586","2549","4462","1804","395323","16614","563158","18882","35335","5201","29610","3875","42834","5104","352014","16588","5418","2426","14704","2938","3177772","*****","2073003","18500","387145","5145","111001","8632","377564","8556","50085","4827","792871","14026","3177772","*****","961357","*****","698111","16926","31962","6106","46915","6730","184369","14082","2216415","*****","1410145","6629","286471","7743","17616","2026","281149","5381","20102","2319","18781","3940","182151","11221","33305","5968","148846","9364","1328788","137","2227239","10819","1114891","7580","1112348","5784","3177772","(X)","50.3","0.1","49.7","0.1","(X)","(X)","5.4","0.1","6.1","0.2","6.3","0.2","6.1","0.1","6.1","0.1","14.4","0.1","13.9","0.1","12.5","0.1","6.2","0.2","6.1","0.2","10.2","0.1","5.4","0.1","1.3","0.1","(X)","(X)","21.7","0.1","80.9","0.1","78.3","0.1","74.8","0.1","20.5","0.2","16.9","0.1","2488119","(X)","50.2","0.1","49.8","0.1","(X)","(X)","538491","(X)","46.8","0.1","53.2","0.1","(X)","(X)","3177772","(X)","82.3","0.6","17.7","0.6","82.3","0.6","49.1","0.4","9.4","0.3","1.5","0.2","0.0","0.1","0.0","0.1","0.1","0.1","0.0","0.1","9.1","0.2","0.5","0.1","1.3","0.1","4.8","0.3","0.4","0.1","0.6","0.1","0.5","0.1","1.1","0.2","0.7","0.1","0.1","0.1","0.2","0.1","0.2","0.1","0.1","0.1","12.4","0.5","17.7","0.6","1.1","0.2","0.9","0.1","1.3","0.2","11.1","0.5","0.2","0.1","0.5","0.1","3177772","(X)","65.2","0.6","12.2","0.2","3.5","0.3","11.9","0.3","1.6","0.2","25.0","0.4","3177772","(X)","30.3","*****","22.0","0.5","1.0","0.2","1.5","0.2","5.8","0.4","69.7","*****","44.4","0.2","9.0","0.2","0.6","0.1","8.8","0.2","0.6","0.1","0.6","0.1","5.7","0.4","1.0","0.2","4.7","0.3","(X)","(X)","2227239","(X)","50.1","0.2","49.9","0.2",
"0400000US33","New Hampshire","1395231","*****","696786","2415","698445","2415","99.8","0.7","62666","780","68161","3237","70890","3072","85585","2596","83149","2220","182003","2574","172049","2332","171645","2086","103977","4218","113123","3814","170182","1622","82122","2261","29679","2246","43.3","0.2","251693","1466","1177400","2244","1143538","1466","1089913","3204","349014","3993","281983","1890","1143538","1466","568720","1801","574818","1822","98.9","0.6","281983","1890","130526","1208","151457","1285","86.2","1.0","1395231","*****","1304551","6952","90680","6952","1304551","6952","1221437","6212","19004","2602","1697","665","N","N","N","N","N","N","N","N","36649","2770","12449","3238","8824","2609","2530","981","1085","611","3103","1145","2724","1377","5934","1705","848","787","N","N","N","N","N","N","N","N","24916","5103","90680","6952","9149","2408","11619","1350","13122","2661","48203","6199","312","283","1180","907","1395231","*****","1309756","6186","33641","1889","17640","1995","52264","1866","2030","1100","77086","6406","1395231","*****","63479","1068","10174","2853","20191","3671","1084","577","32030","4112","1331752","1068","1208101","5202","17931","2572","1014","402","36519","2733","848","787","6615","2375","60724","5507","23017","4612","37707","3633","648571","115","1113482","3744","553367","3074","560115","2582","1395231","(X)","49.9","0.2","50.1","0.2","(X)","(X)","4.5","0.1","4.9","0.2","5.1","0.2","6.1","0.2","6.0","0.2","13.0","0.2","12.3","0.2","12.3","0.1","7.5","0.3","8.1","0.3","12.2","0.1","5.9","0.2","2.1","0.2","(X)","(X)","18.0","0.1","84.4","0.2","82.0","0.1","78.1","0.2","25.0","0.3","20.2","0.1","1143538","(X)","49.7","0.1","50.3","0.1","(X)","(X)","281983","(X)","46.3","0.3","53.7","0.3","(X)","(X)","1395231","(X)","93.5","0.5","6.5","0.5","93.5","0.5","87.5","0.4","1.4","0.2","0.1","0.1","N","N","N","N","N","N","N","N","2.6","0.2","0.9","0.2","0.6","0.2","0.2","0.1","0.1","0.1","0.2","0.1","0.2","0.1","0.4","0.1","0.1","0.1","N","N","N","N","N","N","N","N","1.8","0.4","6.5","0.5","0.7","0.2","0.8","0.1","0.9","0.2","3.5","0.4","0.0","0.1","0.1","0.1","1395231","(X)","93.9","0.4","2.4","0.1","1.3","0.1","3.7","0.1","0.1","0.1","5.5","0.5","1395231","(X)","4.5","0.1","0.7","0.2","1.4","0.3","0.1","0.1","2.3","0.3","95.5","0.1","86.6","0.4","1.3","0.2","0.1","0.1","2.6","0.2","0.1","0.1","0.5","0.2","4.4","0.4","1.6","0.3","2.7","0.3","(X)","(X)","1113482","(X)","49.7","0.2","50.3","0.2",
"0400000US34","New Jersey","9261699","*****","4564704","3763","4696995","3763","97.2","0.2","513333","1322","533608","11006","585993","11086","576961","4736","569581","4639","1183821","4517","1233720","4460","1195456","3279","625009","9556","632491","9532","924597","2334","501190","6927","185939","6768","40.4","0.1","1990177","1330","7510983","5793","7271522","1330","6947554","7417","1997412","7952","1611726","1481","7271522","1330","3546244","2331","3725278","1608","95.2","0.1","1611726","1481","706790","1055","904936","977","78.1","0.1","9261699","*****","8134418","30055","1127281","30055","8134418","30055","5008587","16496","1169436","15126","43680","7107","N","N","N","N","N","N","N","N","934091","7853","421675","15664","161143","9500","119131","10269","14672","2954","95787","6683","21783","4289","99900","9914","1988","1200","N","N","N","N","N","N","N","N","976636","28263","1127281","30055","93007","8695","37649","4196","74067","5874","729506","25371","14206","3971","80432","9939","9261699","*****","6003611","30955","1410694","15922","139267","10955","1050899","8864","14573","3091","1845967","25611","9261699","*****","2028470","*****","243096","17051","462995","19154","89842","9387","1232537","23487","7233229","*****","4766476","10640","1111632","13436","8557","1757","923546","7159","934","590","89847","10988","332237","18071","109067","11830","223170","11422","3785097","490","6453101","18807","3121383","12489","3331718","11119","9261699","(X)","49.3","0.1","50.7","0.1","(X)","(X)","5.5","0.1","5.8","0.1","6.3","0.1","6.2","0.1","6.1","0.1","12.8","0.1","13.3","0.1","12.9","0.1","6.7","0.1","6.8","0.1","10.0","0.1","5.4","0.1","2.0","0.1","(X)","(X)","21.5","0.1","81.1","0.1","78.5","0.1","75.0","0.1","21.6","0.1","17.4","0.1","7271522","(X)","48.8","0.1","51.2","0.1","(X)","(X)","1611726","(X)","43.9","0.1","56.1","0.1","(X)","(X)","9261699","(X)","87.8","0.3","12.2","0.3","87.8","0.3","54.1","0.2","12.6","0.2","0.5","0.1","N","N","N","N","N","N","N","N","10.1","0.1","4.6","0.2","1.7","0.1","1.3","0.1","0.2","0.1","1.0","0.1","0.2","0.1","1.1","0.1","0.0","0.1","N","N","N","N","N","N","N","N","10.5","0.3","12.2","0.3","1.0","0.1","0.4","0.1","0.8","0.1","7.9","0.3","0.2","0.1","0.9","0.1","9261699","(X)","64.8","0.3","15.2","0.2","1.5","0.1","11.3","0.1","0.2","0.1","19.9","0.3","9261699","(X)","21.9","*****","2.6","0.2","5.0","0.2","1.0","0.1","13.3","0.3","78.1","*****","51.5","0.1","12.0","0.1","0.1","0.1","10.0","0.1","0.0","0.1","1.0","0.1","3.6","0.2","1.2","0.1","2.4","0.1","(X)","(X)","6453101","(X)","48.4","0.1","51.6","0.1",
"0400000US35","New Mexico","2113344","*****","1047785","5294","1065559","5294","98.3","1.0","104994","2120","123352","4650","141184","5329","144717","3888","145968","4689","274314","5957","275394","5656","238273","5461","124063","4690","136301","4622","241981","2587","125380","3267","37423","2806","39.4","0.3","455475","2658","1710459","3294","1657869","2658","1571214","5073","487713","5368","404784","2590","1657869","2658","818102","2758","839767","2867","97.4","0.6","404784","2590","185708","1645","219076","1773","84.8","0.9","2113344","*****","1579001","17344","534343","17344","1579001","17344","979928","14521","45057","4314","194411","5121","1774","1040","314","523","124992","5130","790","528","38315","2604","8287","2454","4069","1112","7314","2040","2764","839","2435","858","6327","2124","7119","2272","1974","1289","249","186","528","425","774","1174","423","278","319316","14140","534343","17344","14048","2659","26801","3718","11238","2372","438355","18053","2704","1502","3737","2055","2113344","*****","1497263","15415","71966","5239","249137","6470","59363","4476","6821","2416","790918","15769","2113344","*****","1059867","*****","692889","15171","10655","3065","8013","3194","348310","14944","1053477","*****","735478","3401","36870","3158","171808","3835","35870","2286","785","408","7582","1865","65084","5822","17503","2893","47581","4686","956743","137","1553783","8196","766528","5316","787255","5421","2113344","(X)","49.6","0.3","50.4","0.3","(X)","(X)","5.0","0.1","5.8","0.2","6.7","0.3","6.8","0.2","6.9","0.2","13.0","0.3","13.0","0.3","11.3","0.3","5.9","0.2","6.4","0.2","11.5","0.1","5.9","0.2","1.8","0.1","(X)","(X)","21.6","0.1","80.9","0.2","78.4","0.1","74.3","0.2","23.1","0.3","19.2","0.1","1657869","(X)","49.3","0.1","50.7","0.1","(X)","(X)","404784","(X)","45.9","0.3","54.1","0.3","(X)","(X)","2113344","(X)","74.7","0.8","25.3","0.8","74.7","0.8","46.4","0.7","2.1","0.2","9.2","0.2","0.1","0.1","0.0","0.1","5.9","0.2","0.0","0.1","1.8","0.1","0.4","0.1","0.2","0.1","0.3","0.1","0.1","0.1","0.1","0.1","0.3","0.1","0.3","0.1","0.1","0.1","0.0","0.1","0.0","0.1","0.0","0.1","0.0","0.1","15.1","0.7","25.3","0.8","0.7","0.1","1.3","0.2","0.5","0.1","20.7","0.9","0.1","0.1","0.2","0.1","2113344","(X)","70.8","0.7","3.4","0.2","11.8","0.3","2.8","0.2","0.3","0.1","37.4","0.7","2113344","(X)","50.2","*****","32.8","0.7","0.5","0.1","0.4","0.2","16.5","0.7","49.8","*****","34.8","0.2","1.7","0.1","8.1","0.2","1.7","0.1","0.0","0.1","0.4","0.1","3.1","0.3","0.8","0.1","2.3","0.2","(X)","(X)","1553783","(X)","49.3","0.2","50.7","0.2",
"0400000US36","New York","19677151","*****","9628899","4467","10048252","4467","95.8","0.1","1055455","2096","1070033","12564","1161685","12162","1198745","4885","1298992","5658","2762250","5520","2536794","5262","2405807","5138","1305675","16000","1317119","16283","2032279","3113","1097128","9505","435189","9019","40.0","0.2","3981238","1895","16154241","7485","15695913","1895","14933275","10656","4346590","13478","3564596","3064","15695913","1895","7585323","3206","8110590","2968","93.5","0.1","3564596","3064","1557650","2214","2006946","2158","77.6","0.1","19677151","*****","17692692","39865","1984459","39865","17692692","39865","10866983","24850","2827785","25910","123698","11535","2517","924","175","172","2450","1457","575","689","1791490","12814","344456","14545","745152","20097","120125","8637","36463","3949","128104","9282","32973","5450","384217","17511","8842","2321","1201","1349","1875","937","794","609","4972","1442","2073894","39975","1984459","39865","215429","12801","71215","3933","141408","10079","1024330","31508","27479","4899","247640","17683","19677151","*****","12470073","43889","3462837","26501","328639","15742","2024780","10280","37842","6236","3516787","36422","19677151","*****","3867299","942","514701","28814","990217","28243","67523","6310","2294858","39289","15809852","942","10408933","15073","2633840","19032","35082","2750","1776286","11892","6931","2037","216110","14050","732670","24301","250207","16663","482463","19387","8585784","494","14086777","28676","6764963","17478","7321814","17798","19677151","(X)","48.9","0.1","51.1","0.1","(X)","(X)","5.4","0.1","5.4","0.1","5.9","0.1","6.1","0.1","6.6","0.1","14.0","0.1","12.9","0.1","12.2","0.1","6.6","0.1","6.7","0.1","10.3","0.1","5.6","0.1","2.2","0.1","(X)","(X)","20.2","0.1","82.1","0.1","79.8","0.1","75.9","0.1","22.1","0.1","18.1","0.1","15695913","(X)","48.3","0.1","51.7","0.1","(X)","(X)","3564596","(X)","43.7","0.1","56.3","0.1","(X)","(X)","19677151","(X)","89.9","0.2","10.1","0.2","89.9","0.2","55.2","0.1","14.4","0.1","0.6","0.1","0.0","0.1","0.0","0.1","0.0","0.1","0.0","0.1","9.1","0.1","1.8","0.1","3.8","0.1","0.6","0.1","0.2","0.1","0.7","0.1","0.2","0.1","2.0","0.1","0.0","0.1","0.0","0.1","0.0","0.1","0.0","0.1","0.0","0.1","10.5","0.2","10.1","0.2","1.1","0.1","0.4","0.1","0.7","0.1","5.2","0.2","0.1","0.1","1.3","0.1","19677151","(X)","63.4","0.2","17.6","0.1","1.7","0.1","10.3","0.1","0.2","0.1","17.9","0.2","19677151","(X)","19.7","0.1","2.6","0.1","5.0","0.1","0.3","0.1","11.7","0.2","80.3","0.1","52.9","0.1","13.4","0.1","0.2","0.1","9.0","0.1","0.0","0.1","1.1","0.1","3.7","0.1","1.3","0.1","2.5","0.1","(X)","(X)","14086777","(X)","48.0","0.1","52.0","0.1",
"0400000US37","North Carolina","10698973","*****","5229792","8297","5469181","8297","95.6","0.3","584492","3748","621266","12881","678318","12032","704046","7187","738731","9392","1420429","10283","1376684","9680","1345894","6816","664013","10109","698486","9667","1115768","4649","576762","6216","174084","5374","39.2","0.2","2292928","3298","8671939","6831","8406045","3298","7955246","8477","2286250","10713","1866614","4071","8406045","3298","4056233","4550","4349812","4046","93.3","0.2","1866614","4071","821714","2581","1044900","2875","78.6","0.3","10698973","*****","9848601","23175","850372","23175","9848601","23175","6650422","14821","2182651","16593","117734","6035","13681","1941","163","136","682","569","488","430","345105","6149","125330","8682","50830","5289","27626","5111","8239","1796","20929","3866","37252","6476","74899","7128","10468","3136","3173","2039","2041","1573","760","356","4494","1636","542221","18471","850372","23175","148250","11275","94706","5590","65428","5361","402898","16880","24051","4567","25805","4877","10698973","*****","7427233","21538","2436403","12585","282887","11035","439392","6806","25091","5044","1008584","17375","10698973","*****","1114799","1716","553713","20030","126521","9689","35888","6130","398677","17941","9584174","1716","6497519","8757","2155650","16325","91758","2907","341052","6080","9954","3125","50180","7455","438061","19855","67507","7895","370554","16315","4892627","1041","7947900","14064","3820064","9007","4127836","8612","10698973","(X)","48.9","0.1","51.1","0.1","(X)","(X)","5.5","0.1","5.8","0.1","6.3","0.1","6.6","0.1","6.9","0.1","13.3","0.1","12.9","0.1","12.6","0.1","6.2","0.1","6.5","0.1","10.4","0.1","5.4","0.1","1.6","0.1","(X)","(X)","21.4","0.1","81.1","0.1","78.6","0.1","74.4","0.1","21.4","0.1","17.4","0.1","8406045","(X)","48.3","0.1","51.7","0.1","(X)","(X)","1866614","(X)","44.0","0.1","56.0","0.1","(X)","(X)","10698973","(X)","92.1","0.2","7.9","0.2","92.1","0.2","62.2","0.1","20.4","0.2","1.1","0.1","0.1","0.1","0.0","0.1","0.0","0.1","0.0","0.1","3.2","0.1","1.2","0.1","0.5","0.1","0.3","0.1","0.1","0.1","0.2","0.1","0.3","0.1","0.7","0.1","0.1","0.1","0.0","0.1","0.0","0.1","0.0","0.1","0.0","0.1","5.1","0.2","7.9","0.2","1.4","0.1","0.9","0.1","0.6","0.1","3.8","0.2","0.2","0.1","0.2","0.1","10698973","(X)","69.4","0.2","22.8","0.1","2.6","0.1","4.1","0.1","0.2","0.1","9.4","0.2","10698973","(X)","10.4","0.1","5.2","0.2","1.2","0.1","0.3","0.1","3.7","0.2","89.6","0.1","60.7","0.1","20.1","0.2","0.9","0.1","3.2","0.1","0.1","0.1","0.5","0.1","4.1","0.2","0.6","0.1","3.5","0.2","(X)","(X)","7947900","(X)","48.1","0.1","51.9","0.1",
"0400000US38","North Dakota","779261","*****","398845","2106","380416","2106","104.8","1.1","47844","1371","52217","3426","51533","3345","55008","2447","57873","2507","112725","3077","106486","3191","75736","2146","42226","2266","47320","2212","75806","1021","37296","1584","17191","1640","36.2","0.3","180965","1101","617710","1839","598296","1101","560672","2840","159780","2071","130293","1093","598296","1101","305236","1848","293060","1948","104.2","1.3","130293","1093","60085","558","70208","937","85.6","1.4","779261","*****","738441","4654","40820","4654","738441","4654","648124","3298","25514","2555","34458","2590","294","293","12041","1498","435","804","12960","2503","12314","1363","951","411","2166","1126","3783","1327","188","138","714","442","452","308","4060","1472","2745","2166","N","N","N","N","N","N","N","N","15286","3346","40820","4654","6026","1697","12532","2240","3916","1588","14780","2958","105","123","149","196","779261","*****","687389","4783","32372","2173","48467","3176","17199","1694","4649","2419","31121","3201","779261","*****","34233","782","18956","2313","5409","2009","512","334","9356","2205","745028","782","639297","2180","25426","2550","33252","2371","12271","1353","2745","2166","3206","1034","28831","4281","5222","2044","23609","3481","377722","757","579399","2627","296361","2149","283038","2501","779261","(X)","51.2","0.3","48.8","0.3","(X)","(X)","6.1","0.2","6.7","0.4","6.6","0.4","7.1","0.3","7.4","0.3","14.5","0.4","13.7","0.4","9.7","0.3","5.4","0.3","6.1","0.3","9.7","0.1","4.8","0.2","2.2","0.2","(X)","(X)","23.2","0.1","79.3","0.2","76.8","0.1","71.9","0.4","20.5","0.3","16.7","0.1","598296","(X)","51.0","0.3","49.0","0.3","(X)","(X)","130293","(X)","46.1","0.4","53.9","0.4","(X)","(X)","779261","(X)","94.8","0.6","5.2","0.6","94.8","0.6","83.2","0.4","3.3","0.3","4.4","0.3","0.0","0.1","1.5","0.2","0.1","0.1","1.7","0.3","1.6","0.2","0.1","0.1","0.3","0.1","0.5","0.2","0.0","0.1","0.1","0.1","0.1","0.1","0.5","0.2","0.4","0.3","N","N","N","N","N","N","N","N","2.0","0.4","5.2","0.6","0.8","0.2","1.6","0.3","0.5","0.2","1.9","0.4","0.0","0.1","0.0","0.1","779261","(X)","88.2","0.6","4.2","0.3","6.2","0.4","2.2","0.2","0.6","0.3","4.0","0.4","779261","(X)","4.4","0.1","2.4","0.3","0.7","0.3","0.1","0.1","1.2","0.3","95.6","0.1","82.0","0.3","3.3","0.3","4.3","0.3","1.6","0.2","0.4","0.3","0.4","0.1","3.7","0.5","0.7","0.3","3.0","0.4","(X)","(X)","579399","(X)","51.1","0.3","48.9","0.3",
"0400000US39","Ohio","11756058","*****","5810211","5193","5945847","5193","97.7","0.2","661196","3419","691486","12866","747870","12873","757937","6392","766640","5581","1539071","6802","1475428","6917","1402439","5078","740167","10558","805159","10467","1287086","3179","647241","7920","234338","7240","39.9","0.1","2558156","2386","9506533","6326","9197902","2386","8734215","8970","2650395","10120","2168665","3293","9197902","2386","4499980","3997","4697922","3301","95.8","0.1","2168665","3293","967277","2235","1201388","1955","80.5","0.2","11756058","*****","10988719","23795","767339","23795","10988719","23795","9059267","13149","1414910","17463","20929","3220","3445","1070","327","220","418","273","13","25","294792","6269","104137","8948","49280","5598","20279","3431","7872","1838","15116","2788","15369","3800","82739","8412","3799","1550","112","130","783","366","1088","867","1816","1286","195022","11454","767339","23795","205434","13850","113729","6572","60382","5393","278401","13835","17559","3935","20058","3897","11756058","*****","9772251","20899","1705461","10582","190753","10018","376575","4376","15163","3418","520340","15071","11756058","*****","517232","1641","218575","9821","136197","7965","11532","2697","150928","10788","11238826","1641","8948793","10821","1401403","16476","9785","1842","293387","6237","3362","1390","52805","7165","529291","21305","109964","8967","419327","17893","5293227","374","8962362","9929","4378343","6798","4584019","7575","11756058","(X)","49.4","0.1","50.6","0.1","(X)","(X)","5.6","0.1","5.9","0.1","6.4","0.1","6.4","0.1","6.5","0.1","13.1","0.1","12.6","0.1","11.9","0.1","6.3","0.1","6.8","0.1","10.9","0.1","5.5","0.1","2.0","0.1","(X)","(X)","21.8","0.1","80.9","0.1","78.2","0.1","74.3","0.1","22.5","0.1","18.4","0.1","9197902","(X)","48.9","0.1","51.1","0.1","(X)","(X)","2168665","(X)","44.6","0.1","55.4","0.1","(X)","(X)","11756058","(X)","93.5","0.2","6.5","0.2","93.5","0.2","77.1","0.1","12.0","0.1","0.2","0.1","0.0","0.1","0.0","0.1","0.0","0.1","0.0","0.1","2.5","0.1","0.9","0.1","0.4","0.1","0.2","0.1","0.1","0.1","0.1","0.1","0.1","0.1","0.7","0.1","0.0","0.1","0.0","0.1","0.0","0.1","0.0","0.1","0.0","0.1","1.7","0.1","6.5","0.2","1.7","0.1","1.0","0.1","0.5","0.1","2.4","0.1","0.1","0.1","0.2","0.1","11756058","(X)","83.1","0.2","14.5","0.1","1.6","0.1","3.2","0.1","0.1","0.1","4.4","0.1","11756058","(X)","4.4","0.1","1.9","0.1","1.2","0.1","0.1","0.1","1.3","0.1","95.6","0.1","76.1","0.1","11.9","0.1","0.1","0.1","2.5","0.1","0.0","0.1","0.4","0.1","4.5","0.2","0.9","0.1","3.6","0.2","(X)","(X)","8962362","(X)","48.9","0.1","51.1","0.1",
"0400000US40","Oklahoma","4019800","*****","2004195","3240","2015605","3240","99.4","0.3","240173","1583","262609","5441","282676","5313","283637","3133","289564","3700","534957","4523","532522","3088","456850","2820","223204","4527","251612","4584","390170","2110","208329","3338","63497","3211","37.1","0.2","953422","1142","3178852","2953","3066378","1142","2894499","4834","813730","3697","661996","2075","3066378","1142","1513594","2012","1552784","1773","97.5","0.2","661996","2075","297218","1575","364778","1299","81.5","0.5","4019800","*****","3441838","14867","577962","14867","3441838","14867","2619684","8600","274248","6633","300613","8922","116812","5093","365","266","1558","740","808","378","93783","3416","13245","2545","16951","3026","7762","1883","1378","626","5127","978","18335","2955","30985","3709","7954","2552","1612","1464","2241","1692","698","331","3403","1306","145556","8405","577962","14867","60029","5462","212354","6421","23952","3045","199899","10119","23827","3271","2605","812","4019800","*****","3160412","13506","392236","3926","573863","7069","130527","2342","15012","3175","371647","10809","4019800","*****","486692","*****","377117","7957","19770","2622","3917","1151","85888","7484","3533108","*****","2517403","3308","268543","6512","273650","6306","92672","3405","5601","1798","10786","1732","364453","10635","25258","3078","339195","9784","1776732","635","2931859","5044","1440643","3756","1491216","3554","4019800","(X)","49.9","0.1","50.1","0.1","(X)","(X)","6.0","0.1","6.5","0.1","7.0","0.1","7.1","0.1","7.2","0.1","13.3","0.1","13.2","0.1","11.4","0.1","5.6","0.1","6.3","0.1","9.7","0.1","5.2","0.1","1.6","0.1","(X)","(X)","23.7","0.1","79.1","0.1","76.3","0.1","72.0","0.1","20.2","0.1","16.5","0.1","3066378","(X)","49.4","0.1","50.6","0.1","(X)","(X)","661996","(X)","44.9","0.2","55.1","0.2","(X)","(X)","4019800","(X)","85.6","0.4","14.4","0.4","85.6","0.4","65.2","0.2","6.8","0.2","7.5","0.2","2.9","0.1","0.0","0.1","0.0","0.1","0.0","0.1","2.3","0.1","0.3","0.1","0.4","0.1","0.2","0.1","0.0","0.1","0.1","0.1","0.5","0.1","0.8","0.1","0.2","0.1","0.0","0.1","0.1","0.1","0.0","0.1","0.1","0.1","3.6","0.2","14.4","0.4","1.5","0.1","5.3","0.2","0.6","0.1","5.0","0.3","0.6","0.1","0.1","0.1","4019800","(X)","78.6","0.3","9.8","0.1","14.3","0.2","3.2","0.1","0.4","0.1","9.2","0.3","4019800","(X)","12.1","*****","9.4","0.2","0.5","0.1","0.1","0.1","2.1","0.2","87.9","*****","62.6","0.1","6.7","0.2","6.8","0.2","2.3","0.1","0.1","0.1","0.3","0.1","9.1","0.3","0.6","0.1","8.4","0.2","(X)","(X)","2931859","(X)","49.1","0.1","50.9","0.1",
"0400000US41","Oregon","4240137","*****","2121651","3795","2118486","3795","100.1","0.4","199584","1813","229279","5544","250140","6312","257747","4421","259457","4010","596347","4361","593849","3871","524584","3430","242699","6940","269737","7134","487945","2643","245665","5112","83104","4716","40.5","0.2","832367","1855","3509464","4440","3407770","1855","3253969","5777","977929","6389","816714","2930","3407770","1855","1691180","2689","1716590","2030","98.5","0.3","816714","2930","375838","1733","440876","2102","85.2","0.5","4240137","*****","3737314","17136","502823","17136","3737314","17136","3160419","11164","82820","5534","51735","5260","2766","1008","913","420","1146","533","708","412","194510","6072","31287","4747","44187","5217","24422","3418","13436","2535","14364","2705","30743","4333","36071","4907","17136","2324","2051","1200","5577","1648","324","313","9184","1900","230694","15318","502823","17136","34958","4364","72077","4122","66292","4735","255402","13188","2126","1699","2877","1371","4240137","*****","3639127","17702","140010","4313","163101","8768","288867","2923","37787","4098","523173","13227","4240137","*****","609538","*****","470335","9795","15301","2543","9235","2649","114667","9488","3630599","*****","3037571","6864","78228","4567","29399","2890","191283","5984","15643","1914","25731","3955","252744","10440","60484","5801","192260","8813","1859349","332","3201679","8868","1581009","6406","1620670","5814","4240137","(X)","50.0","0.1","50.0","0.1","(X)","(X)","4.7","0.1","5.4","0.1","5.9","0.1","6.1","0.1","6.1","0.1","14.1","0.1","14.0","0.1","12.4","0.1","5.7","0.2","6.4","0.2","11.5","0.1","5.8","0.1","2.0","0.1","(X)","(X)","19.6","0.1","82.8","0.1","80.4","0.1","76.7","0.1","23.1","0.2","19.3","0.1","3407770","(X)","49.6","0.1","50.4","0.1","(X)","(X)","816714","(X)","46.0","0.2","54.0","0.2","(X)","(X)","4240137","(X)","88.1","0.4","11.9","0.4","88.1","0.4","74.5","0.3","2.0","0.1","1.2","0.1","0.1","0.1","0.0","0.1","0.0","0.1","0.0","0.1","4.6","0.1","0.7","0.1","1.0","0.1","0.6","0.1","0.3","0.1","0.3","0.1","0.7","0.1","0.9","0.1","0.4","0.1","0.0","0.1","0.1","0.1","0.0","0.1","0.2","0.1","5.4","0.4","11.9","0.4","0.8","0.1","1.7","0.1","1.6","0.1","6.0","0.3","0.1","0.1","0.1","0.1","4240137","(X)","85.8","0.4","3.3","0.1","3.8","0.2","6.8","0.1","0.9","0.1","12.3","0.3","4240137","(X)","14.4","*****","11.1","0.2","0.4","0.1","0.2","0.1","2.7","0.2","85.6","*****","71.6","0.2","1.8","0.1","0.7","0.1","4.5","0.1","0.4","0.1","0.6","0.1","6.0","0.2","1.4","0.1","4.5","0.2","(X)","(X)","3201679","(X)","49.4","0.1","50.6","0.1",
"0400000US42","Pennsylvania","12972008","*****","6399830","4711","6572178","4711","97.4","0.1","668734","2228","719322","11598","761677","11171","841351","5256","829180","5959","1677321","5851","1623572","4694","1541463","5970","847170","12527","923164","12041","1467823","3254","771084","6913","300147","6595","40.9","0.2","2622158","1531","10660341","5825","10349850","1531","9801876","7466","3103368","11731","2539054","2855","10349850","1531","5059321","2557","5290529","2406","95.6","0.1","2539054","2855","1129456","2286","1409598","2075","80.1","0.2","12972008","*****","12035792","24782","936216","24782","12035792","24782","9655892","18296","1361224","13451","34687","10595","1550","616","150","107","570","592","719","525","491661","6562","152145","9917","123037","9100","28040","4286","6879","1879","37226","4882","44303","5812","100031","10811","3206","992","195","195","1442","735","538","405","1031","534","489122","18960","936216","24782","168837","10007","79324","4901","77127","5809","433200","19219","12252","2844","48677","7639","12972008","*****","10496046","21821","1673221","15286","179855","14070","598781","6030","19983","5192","1037410","22588","12972008","*****","1115997","597","169983","13498","493832","18325","27653","4647","424529","17986","11856011","597","9487228","13450","1311581","10711","10130","2777","487124","6505","2424","867","63582","8665","493942","18014","137851","10837","356091","11480","5815191","386","9969837","12584","4862200","7721","5107637","8869","12972008","(X)","49.3","0.1","50.7","0.1","(X)","(X)","5.2","0.1","5.5","0.1","5.9","0.1","6.5","0.1","6.4","0.1","12.9","0.1","12.5","0.1","11.9","0.1","6.5","0.1","7.1","0.1","11.3","0.1","5.9","0.1","2.3","0.1","(X)","(X)","20.2","0.1","82.2","0.1","79.8","0.1","75.6","0.1","23.9","0.1","19.6","0.1","10349850","(X)","48.9","0.1","51.1","0.1","(X)","(X)","2539054","(X)","44.5","0.1","55.5","0.1","(X)","(X)","12972008","(X)","92.8","0.2","7.2","0.2","92.8","0.2","74.4","0.1","10.5","0.1","0.3","0.1","0.0","0.1","0.0","0.1","0.0","0.1","0.0","0.1","3.8","0.1","1.2","0.1","0.9","0.1","0.2","0.1","0.1","0.1","0.3","0.1","0.3","0.1","0.8","0.1","0.0","0.1","0.0","0.1","0.0","0.1","0.0","0.1","0.0","0.1","3.8","0.1","7.2","0.2","1.3","0.1","0.6","0.1","0.6","0.1","3.3","0.1","0.1","0.1","0.4","0.1","12972008","(X)","80.9","0.2","12.9","0.1","1.4","0.1","4.6","0.1","0.2","0.1","8.0","0.2","12972008","(X)","8.6","0.1","1.3","0.1","3.8","0.1","0.2","0.1","3.3","0.1","91.4","0.1","73.1","0.1","10.1","0.1","0.1","0.1","3.8","0.1","0.0","0.1","0.5","0.1","3.8","0.1","1.1","0.1","2.7","0.1","(X)","(X)","9969837","(X)","48.8","0.1","51.2","0.1",
"0400000US44","Rhode Island","1093734","*****","535841","1689","557893","1689","96.0","0.6","51955","1060","53959","3261","59764","3107","73740","2384","76125","2306","150979","2260","137922","1955","129195","1771","73528","4784","80450","4499","120395","1182","62229","2413","23493","2432","40.7","0.4","203146","944","916019","1974","890588","944","837857","3000","255054","3893","206117","1152","890588","944","432957","1220","457631","955","94.6","0.4","206117","1152","90587","697","115530","893","78.4","0.8","1093734","*****","961355","10763","132379","10763","961355","10763","770878","7487","60402","6667","4457","2151","N","N","N","N","N","N","N","N","38734","2057","7080","2595","8943","2006","2946","1290","1545","731","3102","1338","1218","766","13900","3062","140","146","N","N","N","N","N","N","N","N","86744","10375","132379","10763","12432","3226","7176","1157","8538","2097","61078","8491","1817","957","21628","5239","1093734","*****","876540","10385","111535","7004","19583","3529","49896","1937","733","439","185086","9599","1093734","*****","191979","*****","14234","4116","45579","7986","1994","966","130172","7798","901755","*****","745825","4066","51326","5240","978","482","37234","1818","140","146","9514","2847","56738","6072","23310","4114","33428","4970","486017","80","822935","5337","396009","3736","426926","3513","1093734","(X)","49.0","0.2","51.0","0.2","(X)","(X)","4.8","0.1","4.9","0.3","5.5","0.3","6.7","0.2","7.0","0.2","13.8","0.2","12.6","0.2","11.8","0.2","6.7","0.4","7.4","0.4","11.0","0.1","5.7","0.2","2.1","0.2","(X)","(X)","18.6","0.1","83.8","0.2","81.4","0.1","76.6","0.3","23.3","0.4","18.8","0.1","890588","(X)","48.6","0.1","51.4","0.1","(X)","(X)","206117","(X)","43.9","0.3","56.1","0.3","(X)","(X)","1093734","(X)","87.9","1.0","12.1","1.0","87.9","1.0","70.5","0.7","5.5","0.6","0.4","0.2","N","N","N","N","N","N","N","N","3.5","0.2","0.6","0.2","0.8","0.2","0.3","0.1","0.1","0.1","0.3","0.1","0.1","0.1","1.3","0.3","0.0","0.1","N","N","N","N","N","N","N","N","7.9","0.9","12.1","1.0","1.1","0.3","0.7","0.1","0.8","0.2","5.6","0.8","0.2","0.1","2.0","0.5","1093734","(X)","80.1","0.9","10.2","0.6","1.8","0.3","4.6","0.2","0.1","0.1","16.9","0.9","1093734","(X)","17.6","*****","1.3","0.4","4.2","0.7","0.2","0.1","11.9","0.7","82.4","*****","68.2","0.4","4.7","0.5","0.1","0.1","3.4","0.2","0.0","0.1","0.9","0.3","5.2","0.6","2.1","0.4","3.1","0.5","(X)","(X)","822935","(X)","48.1","0.3","51.9","0.3",
"0400000US45","South Carolina","5282634","*****","2569909","5254","2712725","5254","94.7","0.4","281426","2696","309601","8361","327157","8322","347645","6143","351883","6521","663662","7623","667920","5130","630345","4817","326972","7902","367405","7833","608018","3552","308314","5364","92286","4537","40.5","0.2","1117142","1713","4294594","4868","4165492","1713","3951168","6886","1232735","6815","1008618","2834","4165492","1713","2000717","2718","2164775","2093","92.4","0.2","1008618","2834","449490","2216","559128","1653","80.4","0.5","5282634","*****","4945525","13418","337109","13418","4945525","13418","3361662","11124","1325020","10730","20380","5426","N","N","N","N","N","N","N","N","90557","3442","35119","3981","12261","2912","15439","2541","2747","1001","5464","1617","6172","2050","13355","2634","2301","1376","218","194","303","347","702","572","1078","1180","145605","10665","337109","13418","60658","6628","45579","3764","24937","2841","158055","10766","11563","3766","9654","3640","5282634","*****","3669988","14379","1422289","7485","93007","7580","125957","3833","5737","1919","323812","12546","5282634","*****","343783","1234","161226","9781","54004","7734","12442","2563","116111","7858","4938851","1234","3301739","6854","1313290","10089","12112","2917","89888","3453","1924","1269","29390","5465","190508","10973","35206","6075","155302","9825","2446680","237","4038730","7614","1933058","4984","2105672","4687","5282634","(X)","48.6","0.1","51.4","0.1","(X)","(X)","5.3","0.1","5.9","0.2","6.2","0.2","6.6","0.1","6.7","0.1","12.6","0.1","12.6","0.1","11.9","0.1","6.2","0.1","7.0","0.1","11.5","0.1","5.8","0.1","1.7","0.1","(X)","(X)","21.1","0.1","81.3","0.1","78.9","0.1","74.8","0.1","23.3","0.1","19.1","0.1","4165492","(X)","48.0","0.1","52.0","0.1","(X)","(X)","1008618","(X)","44.6","0.1","55.4","0.1","(X)","(X)","5282634","(X)","93.6","0.3","6.4","0.3","93.6","0.3","63.6","0.2","25.1","0.2","0.4","0.1","N","N","N","N","N","N","N","N","1.7","0.1","0.7","0.1","0.2","0.1","0.3","0.1","0.1","0.1","0.1","0.1","0.1","0.1","0.3","0.1","0.0","0.1","0.0","0.1","0.0","0.1","0.0","0.1","0.0","0.1","2.8","0.2","6.4","0.3","1.1","0.1","0.9","0.1","0.5","0.1","3.0","0.2","0.2","0.1","0.2","0.1","5282634","(X)","69.5","0.3","26.9","0.1","1.8","0.1","2.4","0.1","0.1","0.1","6.1","0.2","5282634","(X)","6.5","0.1","3.1","0.2","1.0","0.1","0.2","0.1","2.2","0.1","93.5","0.1","62.5","0.1","24.9","0.2","0.2","0.1","1.7","0.1","0.0","0.1","0.6","0.1","3.6","0.2","0.7","0.1","2.9","0.2","(X)","(X)","4038730","(X)","47.9","0.1","52.1","0.1",
"0400000US46","South Dakota","909824","*****","462457","3041","447367","3041","103.4","1.4","57246","1781","59977","2949","63989","2919","62422","2093","60455","2554","111152","2596","116031","2536","97020","1939","51885","2753","63738","2480","101562","1426","45076","1951","19271","1861","38.5","0.4","218981","1686","716965","2218","690843","1686","653047","3224","203864","2460","165909","1533","690843","1686","350043","2273","340800","1979","102.7","1.2","165909","1533","77806","1102","88103","1192","88.3","1.8","909824","*****","852179","5480","57645","5480","852179","5480","735501","3744","18098","2326","68481","3133","144","160","847","634","101","158","51838","3976","12931","1543","2212","868","582","448","1659","975","426","355","789","417","1833","1329","5430","2181","796","703","N","N","N","N","N","N","N","N","16372","2624","57645","5480","8036","2931","19496","2705","5976","1478","15651","3486","2938","2180","231","255","909824","*****","788992","5052","31480","2411","94520","3066","20571","1313","1571","970","34562","3872","909824","*****","42430","1015","23621","3240","4987","1531","954","799","12868","2942","867394","1015","726885","2922","18053","2326","64666","2998","12874","1534","796","703","3136","2431","40984","4111","5179","1567","35805","4095","408009","479","678094","2692","343171","2286","334923","2291","909824","(X)","50.8","0.3","49.2","0.3","(X)","(X)","6.3","0.2","6.6","0.3","7.0","0.3","6.9","0.2","6.6","0.3","12.2","0.3","12.8","0.3","10.7","0.2","5.7","0.3","7.0","0.3","11.2","0.2","5.0","0.2","2.1","0.2","(X)","(X)","24.1","0.2","78.8","0.2","75.9","0.2","71.8","0.4","22.4","0.3","18.2","0.2","690843","(X)","50.7","0.3","49.3","0.3","(X)","(X)","165909","(X)","46.9","0.5","53.1","0.5","(X)","(X)","909824","(X)","93.7","0.6","6.3","0.6","93.7","0.6","80.8","0.4","2.0","0.3","7.5","0.3","0.0","0.1","0.1","0.1","0.0","0.1","5.7","0.4","1.4","0.2","0.2","0.1","0.1","0.1","0.2","0.1","0.0","0.1","0.1","0.1","0.2","0.1","0.6","0.2","0.1","0.1","N","N","N","N","N","N","N","N","1.8","0.3","6.3","0.6","0.9","0.3","2.1","0.3","0.7","0.2","1.7","0.4","0.3","0.2","0.0","0.1","909824","(X)","86.7","0.6","3.5","0.3","10.4","0.3","2.3","0.1","0.2","0.1","3.8","0.4","909824","(X)","4.7","0.1","2.6","0.4","0.5","0.2","0.1","0.1","1.4","0.3","95.3","0.1","79.9","0.3","2.0","0.3","7.1","0.3","1.4","0.2","0.1","0.1","0.3","0.3","4.5","0.5","0.6","0.2","3.9","0.5","(X)","(X)","678094","(X)","50.6","0.3","49.4","0.3",
"0400000US47","Tennessee","7051339","*****","3462618","5979","3588721","5979","96.5","0.3","402215","3532","422122","10483","439813","10748","446948","6192","472131","5586","964188","5924","909015","5983","867729","5074","449565","10069","459649","9689","729543","3207","371939","4609","116482","4436","39.2","0.1","1535133","3376","5699603","6142","5516206","3376","5244890","8544","1494371","10230","1217964","3365","5516206","3376","2675018","4089","2841188","3594","94.2","0.2","1217964","3365","542186","2201","675778","2394","80.2","0.4","7051339","*****","6566289","16606","485050","16606","6566289","16606","5150306","10675","1098360","10114","14856","2880","3326","1092","128","136","156","155","194","187","133729","4471","36377","5180","22075","3131","17255","3189","3361","1319","12146","2496","15130","3685","27385","5087","5882","1856","186","208","1998","1083","528","426","3170","1546","163156","10451","485050","16606","85936","6936","83895","5224","35666","4379","229275","12931","11412","3866","7178","2098","7051339","*****","5608488","13656","1222072","6268","124595","7954","181166","4392","14706","3778","409858","11619","7051339","*****","442629","1896","229545","12351","38663","5018","15292","2897","159129","11934","6608710","1896","5070026","7225","1089738","9823","6387","1415","131817","4267","4389","1492","26972","4632","279381","11357","49729","6340","229652","9670","3144583","494","5321396","10507","2569692","8133","2751704","6351","7051339","(X)","49.1","0.1","50.9","0.1","(X)","(X)","5.7","0.1","6.0","0.1","6.2","0.2","6.3","0.1","6.7","0.1","13.7","0.1","12.9","0.1","12.3","0.1","6.4","0.1","6.5","0.1","10.3","0.1","5.3","0.1","1.7","0.1","(X)","(X)","21.8","0.1","80.8","0.1","78.2","0.1","74.4","0.1","21.2","0.1","17.3","0.1","5516206","(X)","48.5","0.1","51.5","0.1","(X)","(X)","1217964","(X)","44.5","0.1","55.5","0.1","(X)","(X)","7051339","(X)","93.1","0.2","6.9","0.2","93.1","0.2","73.0","0.2","15.6","0.1","0.2","0.1","0.0","0.1","0.0","0.1","0.0","0.1","0.0","0.1","1.9","0.1","0.5","0.1","0.3","0.1","0.2","0.1","0.0","0.1","0.2","0.1","0.2","0.1","0.4","0.1","0.1","0.1","0.0","0.1","0.0","0.1","0.0","0.1","0.0","0.1","2.3","0.1","6.9","0.2","1.2","0.1","1.2","0.1","0.5","0.1","3.3","0.2","0.2","0.1","0.1","0.1","7051339","(X)","79.5","0.2","17.3","0.1","1.8","0.1","2.6","0.1","0.2","0.1","5.8","0.2","7051339","(X)","6.3","0.1","3.3","0.2","0.5","0.1","0.2","0.1","2.3","0.2","93.7","0.1","71.9","0.1","15.5","0.1","0.1","0.1","1.9","0.1","0.1","0.1","0.4","0.1","4.0","0.2","0.7","0.1","3.3","0.1","(X)","(X)","5321396","(X)","48.3","0.1","51.7","0.1",
"0400000US48","Texas","30029572","*****","15021141","7437","15008431","7437","100.1","0.1","1881718","5476","2070802","24772","2173132","24771","2160735","10021","2145802","12016","4329357","14730","4238922","13520","3687865","11503","1641396","19758","1662758","20436","2461155","6462","1191925","8816","384005","9431","35.6","0.1","7439663","4366","23471441","12066","22589909","4366","21330100","17997","5005866","15361","4037085","6175","22589909","4366","11218794","5255","11371115","4126","98.7","0.1","4037085","6175","1817118","3949","2219967","3963","81.9","0.2","30029572","*****","22869218","76611","7160354","76611","22869218","76611","14293026","61049","3620288","25761","247149","17444","17690","3228","915","486","4234","1568","1202","768","1638936","13902","542704","20564","243833","14860","146510","10485","26443","3790","93678","9944","279469","16440","306299","16534","35954","5010","7768","2572","11839","3649","4186","1641","12161","3567","3033865","55546","7160354","76611","292917","20526","245784","11193","194948","10633","5922593","66848","37659","6502","87843","11425","30029572","*****","21197710","57791","4174893","20752","745891","28209","1953033","12565","86111","8593","9296150","60265","30029572","*****","12070642","628","9674825","55010","264937","16950","129482","13925","2001398","50497","17958930","628","11683430","16009","3508706","21694","47023","4149","1608173","12818","29275","4022","125763","11426","956560","29483","196367","13308","760193","23280","12135376","1261","19944824","42942","9851921","26125","10092903","24849","30029572","(X)","50.0","0.1","50.0","0.1","(X)","(X)","6.3","0.1","6.9","0.1","7.2","0.1","7.2","0.1","7.1","0.1","14.4","0.1","14.1","0.1","12.3","0.1","5.5","0.1","5.5","0.1","8.2","0.1","4.0","0.1","1.3","0.1","(X)","(X)","24.8","0.1","78.2","0.1","75.2","0.1","71.0","0.1","16.7","0.1","13.4","0.1","22589909","(X)","49.7","0.1","50.3","0.1","(X)","(X)","4037085","(X)","45.0","0.1","55.0","0.1","(X)","(X)","30029572","(X)","76.2","0.3","23.8","0.3","76.2","0.3","47.6","0.2","12.1","0.1","0.8","0.1","0.1","0.1","0.0","0.1","0.0","0.1","0.0","0.1","5.5","0.1","1.8","0.1","0.8","0.1","0.5","0.1","0.1","0.1","0.3","0.1","0.9","0.1","1.0","0.1","0.1","0.1","0.0","0.1","0.0","0.1","0.0","0.1","0.0","0.1","10.1","0.2","23.8","0.3","1.0","0.1","0.8","0.1","0.6","0.1","19.7","0.2","0.1","0.1","0.3","0.1","30029572","(X)","70.6","0.2","13.9","0.1","2.5","0.1","6.5","0.1","0.3","0.1","31.0","0.2","30029572","(X)","40.2","0.1","32.2","0.2","0.9","0.1","0.4","0.1","6.7","0.2","59.8","0.1","38.9","0.1","11.7","0.1","0.2","0.1","5.4","0.1","0.1","0.1","0.4","0.1","3.2","0.1","0.7","0.1","2.5","0.1","(X)","(X)","19944824","(X)","49.4","0.1","50.6","0.1",
"0400000US49","Utah","3380800","*****","1716117","2327","1664683","2327","103.1","0.3","228464","1362","253833","6553","278120","6829","277956","3088","299515","2976","494776","3605","461217","2897","373195","2856","149430","5082","160595","5161","245616","1494","120140","2515","37943","2284","32.1","0.2","930593","1211","2560844","3184","2450207","1211","2294743","4276","496260","4584","403699","1596","2450207","1211","1236167","1739","1214040","1600","101.8","0.3","403699","1596","189963","1078","213736","1102","88.9","0.7","3380800","*****","3082729","14989","298071","14989","3082729","14989","2678510","12416","37613","4529","34434","4230","745","540","289","301","15642","2168","387","310","84324","3887","10086","2945","17518","3347","11820","2696","5841","1321","6250","1900","11498","3362","21311","4419","37340","2063","1030","1185","2963","1447","10038","2800","23309","3094","210508","13409","298071","14989","20618","3868","26725","2417","32625","4904","172621","12101","2157","1527","1704","963","3380800","*****","2963863","16009","72719","4249","79942","5672","130531","2373","58172","3477","400103","12832","3380800","*****","512086","*****","357135","11119","13905","3658","2966","1305","138080","9846","2868714","*****","2557466","5956","34873","4188","22803","1807","82388","3851","36978","2101","14898","4834","119308","7108","22716","4200","96592","6110","1228707","311","2292929","8274","1158033","4742","1134896","5506","3380800","(X)","50.8","0.1","49.2","0.1","(X)","(X)","6.8","0.1","7.5","0.2","8.2","0.2","8.2","0.1","8.9","0.1","14.6","0.1","13.6","0.1","11.0","0.1","4.4","0.2","4.8","0.2","7.3","0.1","3.6","0.1","1.1","0.1","(X)","(X)","27.5","0.1","75.7","0.1","72.5","0.1","67.9","0.1","14.7","0.1","11.9","0.1","2450207","(X)","50.5","0.1","49.5","0.1","(X)","(X)","403699","(X)","47.1","0.2","52.9","0.2","(X)","(X)","3380800","(X)","91.2","0.4","8.8","0.4","91.2","0.4","79.2","0.4","1.1","0.1","1.0","0.1","0.0","0.1","0.0","0.1","0.5","0.1","0.0","0.1","2.5","0.1","0.3","0.1","0.5","0.1","0.3","0.1","0.2","0.1","0.2","0.1","0.3","0.1","0.6","0.1","1.1","0.1","0.0","0.1","0.1","0.1","0.3","0.1","0.7","0.1","6.2","0.4","8.8","0.4","0.6","0.1","0.8","0.1","1.0","0.1","5.1","0.4","0.1","0.1","0.1","0.1","3380800","(X)","87.7","0.5","2.2","0.1","2.4","0.2","3.9","0.1","1.7","0.1","11.8","0.4","3380800","(X)","15.1","*****","10.6","0.3","0.4","0.1","0.1","0.1","4.1","0.3","84.9","*****","75.6","0.2","1.0","0.1","0.7","0.1","2.4","0.1","1.1","0.1","0.4","0.1","3.5","0.2","0.7","0.1","2.9","0.2","(X)","(X)","2292929","(X)","50.5","0.1","49.5","0.1",
"0400000US50","Vermont","647064","*****","320698","1554","326366","1554","98.3","0.9","27875","849","30605","2082","34125","2362","43011","2168","43805","2132","77515","1757","80179","1463","75793","906","41144","2636","53185","2631","83560","625","42914","1751","13353","1473","43.2","0.3","113734","1001","548050","1532","533330","1001","498934","2612","172615","2522","139827","885","533330","1001","262464","1329","270866","1144","96.9","0.8","139827","885","65695","617","74132","506","88.6","0.9","647064","*****","611579","3139","35485","3139","611579","3139","588046","2634","6320","1130","1296","479","N","N","N","N","N","N","N","N","11711","1361","1480","794","2655","860","836","464","131","176","1403","767","1174","713","4032","2325","59","18","N","N","N","N","N","N","N","N","4147","1367","35485","3139","4852","1117","7710","780","4486","1208","14763","2456","22","48","305","260","647064","*****","622650","2576","13652","1179","11480","1401","16724","596","226","167","21544","2681","647064","*****","14770","140","2714","688","2277","728","669","398","9110","934","632294","140","583546","2410","6264","1121","1052","475","11512","1361","59","18","2521","1217","27340","2838","9158","2086","18182","1967","338998","176","524801","1663","258133","1548","266668","1470","647064","(X)","49.6","0.2","50.4","0.2","(X)","(X)","4.3","0.1","4.7","0.3","5.3","0.4","6.6","0.3","6.8","0.3","12.0","0.3","12.4","0.2","11.7","0.1","6.4","0.4","8.2","0.4","12.9","0.1","6.6","0.3","2.1","0.2","(X)","(X)","17.6","0.2","84.7","0.2","82.4","0.2","77.1","0.4","26.7","0.4","21.6","0.1","533330","(X)","49.2","0.2","50.8","0.2","(X)","(X)","139827","(X)","47.0","0.3","53.0","0.3","(X)","(X)","647064","(X)","94.5","0.5","5.5","0.5","94.5","0.5","90.9","0.4","1.0","0.2","0.2","0.1","N","N","N","N","N","N","N","N","1.8","0.2","0.2","0.1","0.4","0.1","0.1","0.1","0.0","0.1","0.2","0.1","0.2","0.1","0.6","0.4","0.0","0.1","N","N","N","N","N","N","N","N","0.6","0.2","5.5","0.5","0.7","0.2","1.2","0.1","0.7","0.2","2.3","0.4","0.0","0.1","0.0","0.1","647064","(X)","96.2","0.4","2.1","0.2","1.8","0.2","2.6","0.1","0.0","0.1","3.3","0.4","647064","(X)","2.3","0.1","0.4","0.1","0.4","0.1","0.1","0.1","1.4","0.1","97.7","0.1","90.2","0.4","1.0","0.2","0.2","0.1","1.8","0.2","0.0","0.1","0.4","0.2","4.2","0.4","1.4","0.3","2.8","0.3","(X)","(X)","524801","(X)","49.2","0.2","50.8","0.2",
"0400000US51","Virginia","8683619","*****","4299314","6625","4384305","6625","98.1","0.3","481682","3609","507493","9686","544175","9051","569202","8806","602285","8762","1156622","7962","1180820","7952","1068270","7200","557202","10446","553826","10199","858719","4240","453375","5368","149948","4539","39.0","0.2","1862087","2725","7041278","5566","6821532","2725","6461475","9297","1800050","9637","1462042","4381","6821532","2725","3340852","4170","3480680","3462","96.0","0.2","1462042","4381","652885","3076","809157","2647","80.7","0.4","8683619","*****","7882990","20792","800629","20792","7882990","20792","5226121","14425","1620131","9382","26104","4228","2058","635","127","122","325","277","56","65","610671","7719","165186","10688","82487","6250","72513","6068","11816","2726","74128","6554","61807","7008","142734","11422","7799","2339","1944","799","1929","1277","961","674","2965","1980","392164","19230","800629","20792","129695","8728","59394","4843","100186","6482","376570","18073","14031","3297","24061","4343","8683619","*****","5960289","21423","1847065","8827","142118","10236","753832","6069","23060","3817","835011","16871","8683619","*****","905750","1222","197924","12829","115880","10240","26022","4293","565924","14506","7777869","1222","5095130","9042","1594785","9893","11738","1773","602881","7309","6869","2396","60419","6807","406047","13841","66459","7244","339588","12151","3685233","550","6414892","14709","3136560","11095","3278332","7844","8683619","(X)","49.5","0.1","50.5","0.1","(X)","(X)","5.5","0.1","5.8","0.1","6.3","0.1","6.6","0.1","6.9","0.1","13.3","0.1","13.6","0.1","12.3","0.1","6.4","0.1","6.4","0.1","9.9","0.1","5.2","0.1","1.7","0.1","(X)","(X)","21.4","0.1","81.1","0.1","78.6","0.1","74.4","0.1","20.7","0.1","16.8","0.1","6821532","(X)","49.0","0.1","51.0","0.1","(X)","(X)","1462042","(X)","44.7","0.1","55.3","0.1","(X)","(X)","8683619","(X)","90.8","0.2","9.2","0.2","90.8","0.2","60.2","0.2","18.7","0.1","0.3","0.1","0.0","0.1","0.0","0.1","0.0","0.1","0.0","0.1","7.0","0.1","1.9","0.1","0.9","0.1","0.8","0.1","0.1","0.1","0.9","0.1","0.7","0.1","1.6","0.1","0.1","0.1","0.0","0.1","0.0","0.1","0.0","0.1","0.0","0.1","4.5","0.2","9.2","0.2","1.5","0.1","0.7","0.1","1.2","0.1","4.3","0.2","0.2","0.1","0.3","0.1","8683619","(X)","68.6","0.2","21.3","0.1","1.6","0.1","8.7","0.1","0.3","0.1","9.6","0.2","8683619","(X)","10.4","0.1","2.3","0.1","1.3","0.1","0.3","0.1","6.5","0.2","89.6","0.1","58.7","0.1","18.4","0.1","0.1","0.1","6.9","0.1","0.1","0.1","0.7","0.1","4.7","0.2","0.8","0.1","3.9","0.1","(X)","(X)","6414892","(X)","48.9","0.1","51.1","0.1",
"0400000US53","Washington","7785786","*****","3930411","4370","3855375","4370","101.9","0.2","421722","2384","464035","9942","473406","9870","457060","3998","499354","4120","1176297","4491","1115638","4379","936835","5030","451753","9120","480544","8760","786321","3107","390798","5026","132023","4918","38.4","0.2","1644027","1447","6328051","4261","6141759","1447","5884735","6625","1602427","8420","1309142","3083","6141759","1447","3086083","2471","3055676","2315","101.0","0.2","1309142","3083","598703","2203","710439","1988","84.3","0.4","7785786","*****","6806081","23475","979705","23475","6806081","23475","5129500","17303","309488","9282","99306","6282","3025","1182","2890","918","1407","851","2458","1545","762339","8698","161124","11325","180910","10531","112102","8312","33479","3260","71761","7442","91333","8565","111630","11453","54087","3458","10998","2889","5959","1742","14970","3471","22160","3772","451361","19225","979705","23475","95610","6915","111205","4893","158523","7124","455786","18251","6536","2034","10777","4214","7785786","*****","6046666","22013","478437","7487","274556","9258","988085","5952","106574","5343","964799","18920","7785786","*****","1093313","*****","810390","12560","48810","5465","10971","2631","223142","11470","6692473","*****","4941456","10326","299537","8573","69024","4085","755832","8721","52231","3220","50945","7315","523448","16401","100305","10531","423143","10966","3313479","1252","5589388","15877","2804306","10401","2785082","9128","7785786","(X)","50.5","0.1","49.5","0.1","(X)","(X)","5.4","0.1","6.0","0.1","6.1","0.1","5.9","0.1","6.4","0.1","15.1","0.1","14.3","0.1","12.0","0.1","5.8","0.1","6.2","0.1","10.1","0.1","5.0","0.1","1.7","0.1","(X)","(X)","21.1","0.1","81.3","0.1","78.9","0.1","75.6","0.1","20.6","0.1","16.8","0.1","6141759","(X)","50.2","0.1","49.8","0.1","(X)","(X)","1309142","(X)","45.7","0.1","54.3","0.1","(X)","(X)","7785786","(X)","87.4","0.3","12.6","0.3","87.4","0.3","65.9","0.2","4.0","0.1","1.3","0.1","0.0","0.1","0.0","0.1","0.0","0.1","0.0","0.1","9.8","0.1","2.1","0.1","2.3","0.1","1.4","0.1","0.4","0.1","0.9","0.1","1.2","0.1","1.4","0.1","0.7","0.1","0.1","0.1","0.1","0.1","0.2","0.1","0.3","0.1","5.8","0.2","12.6","0.3","1.2","0.1","1.4","0.1","2.0","0.1","5.9","0.2","0.1","0.1","0.1","0.1","7785786","(X)","77.7","0.3","6.1","0.1","3.5","0.1","12.7","0.1","1.4","0.1","12.4","0.2","7785786","(X)","14.0","*****","10.4","0.2","0.6","0.1","0.1","0.1","2.9","0.1","86.0","*****","63.5","0.1","3.8","0.1","0.9","0.1","9.7","0.1","0.7","0.1","0.7","0.1","6.7","0.2","1.3","0.1","5.4","0.1","(X)","(X)","5589388","(X)","50.2","0.1","49.8","0.1",
"0400000US54","West Virginia","1775156","*****","882101","3493","893055","3493","98.8","0.8","87469","1549","96217","4323","102819","4467","111760","3409","114325","3806","207092","3975","216666","3117","221995","2372","114295","4335","126356","4443","224674","1480","115024","2752","36464","2479","42.9","0.2","351543","1865","1466266","3123","1423613","1865","1352917","4098","452834","4006","376162","1676","1423613","1865","704537","1990","719076","1832","98.0","0.5","376162","1676","171532","1014","204630","1395","83.8","0.8","1775156","*****","1691635","6134","83521","6134","1691635","6134","1603362","4108","60797","3576","2826","1072","N","N","N","N","N","N","N","N","13437","1656","2584","1075","3483","1218","3267","962","610","345","947","547","691","570","1855","786","145","191","N","N","N","N","N","N","N","N","11068","2514","83521","6134","18049","3208","21132","2448","7098","1454","30938","4113","408","298","768","596","1775156","*****","1684955","4393","83409","2950","26667","2858","22559","1559","870","534","44765","4418","1775156","*****","34343","1894","13635","2575","6114","1853","979","446","13615","2292","1740813","1894","1594128","3819","59390","3496","1880","869","13134","1647","111","179","5238","1874","66932","5822","17224","3531","49708","3985","861686","241","1410780","2905","696548","2490","714232","2135","1775156","(X)","49.7","0.2","50.3","0.2","(X)","(X)","4.9","0.1","5.4","0.2","5.8","0.3","6.3","0.2","6.4","0.2","11.7","0.2","12.2","0.2","12.5","0.1","6.4","0.2","7.1","0.3","12.7","0.1","6.5","0.2","2.1","0.1","(X)","(X)","19.8","0.1","82.6","0.2","80.2","0.1","76.2","0.2","25.5","0.2","21.2","0.1","1423613","(X)","49.5","0.1","50.5","0.1","(X)","(X)","376162","(X)","45.6","0.2","54.4","0.2","(X)","(X)","1775156","(X)","95.3","0.3","4.7","0.3","95.3","0.3","90.3","0.2","3.4","0.2","0.2","0.1","N","N","N","N","N","N","N","N","0.8","0.1","0.1","0.1","0.2","0.1","0.2","0.1","0.0","0.1","0.1","0.1","0.0","0.1","0.1","0.1","0.0","0.1","N","N","N","N","N","N","N","N","0.6","0.1","4.7","0.3","1.0","0.2","1.2","0.1","0.4","0.1","1.7","0.2","0.0","0.1","0.0","0.1","1775156","(X)","94.9","0.2","4.7","0.2","1.5","0.2","1.3","0.1","0.0","0.1","2.5","0.2","1775156","(X)","1.9","0.1","0.8","0.1","0.3","0.1","0.1","0.1","0.8","0.1","98.1","0.1","89.8","0.2","3.3","0.2","0.1","0.1","0.7","0.1","0.0","0.1","0.3","0.1","3.8","0.3","1.0","0.2","2.8","0.2","(X)","(X)","1410780","(X)","49.4","0.1","50.6","0.1",
"0400000US55","Wisconsin","5892539","*****","2958771","4037","2933768","4037","100.9","0.3","309244","2162","333686","6625","369101","6227","385002","3621","407006","3603","733729","4382","742993","4214","692508","3795","392381","6590","424503","6714","658466","2205","324703","5195","119217","4839","40.4","0.2","1241780","2042","4802830","3684","4650759","2042","4410387","6413","1355209","6134","1102386","2487","4650759","2042","2317289","2322","2333470","2226","99.3","0.2","1102386","2487","510482","1564","591904","2033","86.2","0.4","5892539","*****","5425181","14061","467358","14061","5425181","14061","4737427","9403","352022","6433","44394","3353","334","142","10876","1412","249","279","230","162","173310","4219","34880","5702","25314","3816","12035","2076","2428","780","6965","1579","8439","2837","83249","5888","2732","1876","N","N","N","N","N","N","N","N","115296","7781","467358","14061","68015","6296","52485","2583","37606","3976","267180","12483","5396","1922","4669","1674","5892539","*****","5188177","11250","446699","4573","119776","5150","218713","2262","8104","2549","404102","10284","5892539","*****","447022","409","300355","8123","67709","7507","5451","1288","73507","6129","5445517","409","4654031","5614","345678","6064","33762","2060","172242","4212","2592","1856","19680","3383","217532","9154","51594","5320","165938","8054","2770355","641","4511381","7993","2243395","4982","2267986","5761","5892539","(X)","50.2","0.1","49.8","0.1","(X)","(X)","5.2","0.1","5.7","0.1","6.3","0.1","6.5","0.1","6.9","0.1","12.5","0.1","12.6","0.1","11.8","0.1","6.7","0.1","7.2","0.1","11.2","0.1","5.5","0.1","2.0","0.1","(X)","(X)","21.1","0.1","81.5","0.1","78.9","0.1","74.8","0.1","23.0","0.1","18.7","0.1","4650759","(X)","49.8","0.1","50.2","0.1","(X)","(X)","1102386","(X)","46.3","0.1","53.7","0.1","(X)","(X)","5892539","(X)","92.1","0.2","7.9","0.2","92.1","0.2","80.4","0.2","6.0","0.1","0.8","0.1","0.0","0.1","0.2","0.1","0.0","0.1","0.0","0.1","2.9","0.1","0.6","0.1","0.4","0.1","0.2","0.1","0.0","0.1","0.1","0.1","0.1","0.1","1.4","0.1","0.0","0.1","N","N","N","N","N","N","N","N","2.0","0.1","7.9","0.2","1.2","0.1","0.9","0.1","0.6","0.1","4.5","0.2","0.1","0.1","0.1","0.1","5892539","(X)","88.0","0.2","7.6","0.1","2.0","0.1","3.7","0.1","0.1","0.1","6.9","0.2","5892539","(X)","7.6","0.1","5.1","0.1","1.1","0.1","0.1","0.1","1.2","0.1","92.4","0.1","79.0","0.1","5.9","0.1","0.6","0.1","2.9","0.1","0.0","0.1","0.3","0.1","3.7","0.2","0.9","0.1","2.8","0.1","(X)","(X)","4511381","(X)","49.7","0.1","50.3","0.1",
"0400000US56","Wyoming","581381","*****","297855","2038","283526","2038","105.1","1.5","30444","1228","37271","2476","38701","2596","38287","2069","36882","2425","72434","2721","81607","2489","64361","2442","35054","2514","38352","2618","68377","1283","31530","1278","8081","1098","39.1","0.5","129603","1371","465883","1595","451778","1371","427524","2842","130749","2523","107988","1097","451778","1371","230592","1790","221186","1347","104.3","1.3","107988","1097","52795","853","55193","659","95.7","1.9","581381","*****","533121","4164","48260","4164","533121","4164","491697","3988","4097","902","11118","1179","127","99","101","103","354","284","433","277","3847","1076","851","758","1197","678","807","510","238","306","169","185","218","209","367","317","849","738","N","N","N","N","N","N","N","N","21513","3999","48260","4164","2264","806","9574","1592","2985","813","27671","3684","121","150","118","184","581381","*****","538604","4282","8116","1141","23632","2280","8821","1231","2859","1152","51407","4678","581381","*****","62803","*****","47162","2396","1691","845","692","608","13258","2575","518578","*****","473220","2831","3990","912","9589","1012","3577","936","294","313","4997","2356","22911","2282","6611","1942","16300","1420","277106","67","442829","2165","225657","2162","217172","1615","581381","(X)","51.2","0.4","48.8","0.4","(X)","(X)","5.2","0.2","6.4","0.4","6.7","0.4","6.6","0.4","6.3","0.4","12.5","0.5","14.0","0.4","11.1","0.4","6.0","0.4","6.6","0.5","11.8","0.2","5.4","0.2","1.4","0.2","(X)","(X)","22.3","0.2","80.1","0.3","77.7","0.2","73.5","0.5","22.5","0.4","18.6","0.2","451778","(X)","51.0","0.3","49.0","0.3","(X)","(X)","107988","(X)","48.9","0.5","51.1","0.5","(X)","(X)","581381","(X)","91.7","0.7","8.3","0.7","91.7","0.7","84.6","0.7","0.7","0.2","1.9","0.2","0.0","0.1","0.0","0.1","0.1","0.1","0.1","0.1","0.7","0.2","0.1","0.1","0.2","0.1","0.1","0.1","0.0","0.1","0.0","0.1","0.0","0.1","0.1","0.1","0.1","0.1","N","N","N","N","N","N","N","N","3.7","0.7","8.3","0.7","0.4","0.1","1.6","0.3","0.5","0.1","4.8","0.6","0.0","0.1","0.0","0.1","581381","(X)","92.6","0.7","1.4","0.2","4.1","0.4","1.5","0.2","0.5","0.2","8.8","0.8","581381","(X)","10.8","*****","8.1","0.4","0.3","0.1","0.1","0.1","2.3","0.4","89.2","*****","81.4","0.5","0.7","0.2","1.6","0.2","0.6","0.2","0.1","0.1","0.9","0.4","3.9","0.4","1.1","0.3","2.8","0.2","(X)","(X)","442829","(X)","51.0","0.4","49.0","0.4",
"0400000US72","Puerto Rico","3221789","*****","1528789","3493","1693000","3493","90.3","0.4","99432","2370","133195","5816","170757","6027","197196","4333","216771","4738","405834","5154","398749","4150","404722","2705","215212","4941","223075","4940","383979","*****","275913","4873","96954","4874","44.7","0.1","518336","*****","2781341","3330","2703453","*****","2579711","4570","893284","5304","756846","*****","2703453","*****","1259117","*****","1444336","*****","87.2","*****","756846","*****","325712","*****","431134","*****","75.5","*****","3221789","*****","1991202","23255","1230587","23255","1991202","23255","848732","22042","188147","11892","6970","2547","N","N","N","N","N","N","N","N","5771","1596","N","N","N","N","N","N","N","N","N","N","N","N","N","N","93","160","N","N","N","N","N","N","N","N","941489","22527","1230587","23255","20017","4442","2135","1435","1803","1815","989290","21770","497","342","119469","7535","3221789","*****","1954484","22852","421364","15518","70963","5802","9392","2518","1287","847","2142876","23552","3221789","*****","3190139","4105","8685","2727","3075871","9379","14053","3040","91530","7819","31650","4105","17726","2673","4088","1465","0","244","2671","1068","0","244","3573","1473","3592","2474","773","540","2819","2156","1598570","7274","2666630","3981","1242825","2349","1423805","2767","3221789","(X)","47.5","0.1","52.5","0.1","(X)","(X)","3.1","0.1","4.1","0.2","5.3","0.2","6.1","0.1","6.7","0.1","12.6","0.2","12.4","0.1","12.6","0.1","6.7","0.2","6.9","0.2","11.9","*****","8.6","0.2","3.0","0.2","(X)","(X)","16.1","*****","86.3","0.1","83.9","*****","80.1","0.1","27.7","0.2","23.5","*****","2703453","(X)","46.6","*****","53.4","*****","(X)","(X)","756846","(X)","43.0","*****","57.0","*****","(X)","(X)","3221789","(X)","61.8","0.7","38.2","0.7","61.8","0.7","26.3","0.7","5.8","0.4","0.2","0.1","N","N","N","N","N","N","N","N","0.2","0.1","N","N","N","N","N","N","N","N","N","N","N","N","N","N","0.0","0.1","N","N","N","N","N","N","N","N","29.2","0.7","38.2","0.7","0.6","0.1","0.1","0.1","0.1","0.1","30.7","0.7","0.0","0.1","3.7","0.2","3221789","(X)","60.7","0.7","13.1","0.5","2.2","0.2","0.3","0.1","0.0","0.1","66.5","0.7","3221789","(X)","99.0","0.1","0.3","0.1","95.5","0.3","0.4","0.1","2.8","0.2","1.0","0.1","0.6","0.1","0.1","0.1","0.0","0.1","0.1","0.1","0.0","0.1","0.1","0.1","0.1","0.1","0.0","0.1","0.1","0.1","(X)","(X)","2666630","(X)","46.6","0.1","53.4","0.1",
